-6.230e+02
-1.920e+02
-1.570e+02
-1.670e+02
-1.720e+02
-1.350e+02
-1.090e+02
-1.190e+02
-9.100e+01
-9.200e+01
-1.010e+02
-1.200e+02
-9.600e+01
-7.100e+01
-1.020e+02
-1.160e+02
-8.700e+01
-6.800e+01
-7.200e+01
-8.400e+01
-1.200e+02
-9.600e+01
-8.800e+01
-8.200e+01
-6.600e+01
-7.500e+01
-7.700e+01
-8.200e+01
-9.700e+01
-9.000e+01
-8.900e+01
-8.500e+01
-1.860e+02
-7.900e+01
-7.100e+01
-9.000e+01
-7.500e+01
-9.300e+01
-8.100e+01
-1.260e+02
-8.300e+01
-9.000e+01
-7.900e+01
-7.900e+01
-7.900e+01
-7.900e+01
-7.800e+01
-6.800e+01
-1.620e+02
-9.600e+01
-8.600e+01
-6.400e+01
-7.200e+01
-1.040e+02
-9.400e+01
-1.670e+02
-9.900e+01
-7.300e+01
-8.100e+01
-9.300e+01
-7.100e+01
-1.670e+02
-7.700e+01
-7.600e+01
-8.200e+01
-7.100e+01
-7.600e+01
-1.160e+02
-8.500e+01
-8.500e+01
-7.900e+01
-1.060e+02
-7.000e+01
-6.300e+01
-7.500e+01
-8.600e+01
-8.400e+01
-9.400e+01
-1.790e+02
-9.700e+01
-1.750e+02
-7.700e+01
-1.070e+02
-6.700e+01
-1.020e+02
-8.100e+01
-7.700e+01
-9.800e+01
-6.200e+01
-8.900e+01
-8.400e+01
-7.700e+01
-6.300e+01
-8.000e+01
-9.600e+01
-8.400e+01
-7.200e+01
-7.600e+01
-1.240e+02
-8.200e+01
-8.900e+01
-8.000e+01
-1.200e+02
-6.400e+01
-1.610e+02
-7.200e+01
-7.200e+01
-8.300e+01
-8.600e+01
-9.500e+01
-1.360e+02
-1.310e+02
-6.400e+01
-1.400e+02
-7.500e+01
-8.700e+01
-9.200e+01
-7.900e+01
-8.900e+01
-9.400e+01
-8.900e+01
-9.800e+01
-7.900e+01
-7.000e+01
-7.700e+01
-7.800e+01
-7.200e+01
-6.200e+01
-7.300e+01
-7.100e+01
-7.400e+01
-1.000e+02
-8.000e+01
-7.400e+01
-6.500e+01
-7.900e+01
-7.400e+01
-7.400e+01
-1.040e+02
-7.600e+01
-8.300e+01
-7.100e+01
-7.600e+01
-9.200e+01
-7.300e+01
-9.400e+01
-1.170e+02
-7.400e+01
-8.400e+01
-7.400e+01
-2.020e+02
-6.500e+01
-7.100e+01
-1.040e+02
-1.120e+02
-7.800e+01
-9.000e+01
-6.600e+01
-6.600e+01
-6.600e+01
-7.400e+01
-9.200e+01
-9.600e+01
-6.600e+01
-6.400e+01
-7.400e+01
-7.000e+01
-9.900e+01
-6.600e+01
-7.900e+01
-9.000e+01
-6.400e+01
-7.600e+01
-1.020e+02
-7.500e+01
-8.400e+01
-7.300e+01
-1.620e+02
-1.020e+02
-6.400e+01
-8.800e+01
-7.700e+01
-6.600e+01
-8.600e+01
-8.400e+01
-7.400e+01
-1.640e+02
-9.800e+01
-7.400e+01
-7.300e+01
-1.060e+02
-1.010e+02
-7.300e+01
-7.900e+01
-8.900e+01
-8.800e+01
-7.200e+01
-1.270e+02
-1.470e+02
-7.100e+01
-7.700e+01
-9.500e+01
-8.500e+01
-7.400e+01
-7.600e+01
-8.600e+01
-8.600e+01
-7.900e+01
-7.300e+01
-8.600e+01
-7.800e+01
-8.300e+01
-8.800e+01
-7.300e+01
-7.500e+01
-8.800e+01
-8.100e+01
-7.100e+01
-8.200e+01
-9.500e+01
-1.120e+02
-7.200e+01
-7.600e+01
-9.100e+01
-6.500e+01
-7.400e+01
-7.200e+01
-7.900e+01
-7.500e+01
-8.200e+01
-7.700e+01
-7.900e+01
-8.100e+01
-8.200e+01
-8.900e+01
-1.050e+02
-7.400e+01
-7.800e+01
-6.900e+01
-8.500e+01
-8.500e+01
-9.600e+01
-2.690e+02
-7.600e+01
-2.290e+02
-1.000e+02
-6.400e+01
-1.830e+02
-1.780e+02
-9.500e+01
-6.600e+01
-1.170e+02
-8.300e+01
-9.600e+01
-1.870e+02
-9.100e+01
-9.100e+01
-8.100e+01
-7.300e+01
-8.300e+01
-9.000e+01
-8.800e+01
-7.800e+01
-6.400e+01
-7.200e+01
-7.500e+01
-9.000e+01
-7.700e+01
-7.800e+01
-6.300e+01
-7.700e+01
-7.800e+01
-6.900e+01
-1.150e+02
-8.700e+01
-9.300e+01
-1.170e+02
-8.100e+01
-7.500e+01
-7.600e+01
-7.700e+01
-7.700e+01
-9.500e+01
-7.600e+01
-7.800e+01
-7.700e+01
-8.400e+01
-7.200e+01
-7.300e+01
-7.000e+01
-6.400e+01
-8.900e+01
-7.700e+01
-8.900e+01
-7.000e+01
-7.600e+01
-7.700e+01
-7.300e+01
-6.400e+01
-7.200e+01
-7.200e+01
-7.200e+01
-8.000e+01
-8.800e+01
-2.930e+02
-1.140e+02
-8.400e+01
-8.900e+01
-2.370e+02
-8.300e+01
-7.700e+01
-8.000e+01
-7.700e+01
-7.400e+01
-8.700e+01
-8.600e+01
-7.200e+01
-7.100e+01
-7.100e+01
-7.000e+01
-9.400e+01
-8.400e+01
-1.290e+02
-9.800e+01
-8.500e+01
-7.800e+01
-9.000e+01
-7.300e+01
-8.700e+01
-7.500e+01
-8.400e+01
-7.700e+01
-9.200e+01
-9.400e+01
-8.000e+01
-8.300e+01
-7.300e+01
-7.600e+01
-8.900e+01
-9.900e+01
-7.700e+01
-6.400e+01
-1.810e+02
-7.200e+01
-7.700e+01
-8.000e+01
-7.800e+01
-7.900e+01
-6.800e+01
-8.400e+01
-6.200e+01
-8.600e+01
-8.500e+01
-8.000e+01
-8.000e+01
-8.800e+01
-8.800e+01
-8.100e+01
-7.300e+01
-7.500e+01
-1.030e+02
-6.400e+01
-8.600e+01
-8.100e+01
-7.400e+01
-8.900e+01
-7.800e+01
-7.900e+01
-7.800e+01
-7.700e+01
-8.000e+01
-1.100e+02
-9.000e+01
-9.500e+01
-7.900e+01
-6.300e+01
-8.700e+01
-7.200e+01
-8.700e+01
-7.400e+01
-7.800e+01
-7.800e+01
-8.500e+01
-7.100e+01
-9.000e+01
-8.700e+01
-1.420e+02
-9.000e+01
-7.200e+01
-9.700e+01
-7.700e+01
-7.000e+01
-9.500e+01
-6.500e+01
-8.500e+01
-8.800e+01
-8.500e+01
-8.100e+01
-7.400e+01
-7.800e+01
-7.700e+01
-7.200e+01
-7.000e+01
-7.300e+01
-7.800e+01
-7.800e+01
-9.000e+01
-8.600e+01
-7.800e+01
-9.200e+01
-8.000e+01
-7.800e+01
-6.500e+01
-7.800e+01
-7.400e+01
-7.600e+01
-2.010e+02
-1.240e+02
-7.400e+01
-6.500e+01
-6.500e+01
-1.050e+02
-6.600e+01
-9.100e+01
-7.400e+01
-7.200e+01
-1.190e+02
-6.500e+01
-7.400e+01
-1.010e+02
-6.500e+01
-9.500e+01
-1.220e+02
-1.000e+03
-1.280e+02
-1.000e+03
-1.000e+03
-2.160e+02
-1.740e+02
-1.080e+02
-8.100e+01
-7.200e+01
-9.100e+01
-6.700e+01
-8.400e+01
-8.600e+01
-9.100e+01
-1.160e+02
-7.200e+01
-8.500e+01
-1.700e+02
-8.500e+01
-9.300e+01
-8.500e+01
-9.600e+01
-7.700e+01
-6.400e+01
-7.100e+01
-8.100e+01
-7.800e+01
-9.000e+01
-7.300e+01
-7.600e+01
-8.500e+01
-8.800e+01
-6.900e+01
-7.300e+01
-7.700e+01
-8.700e+01
-7.300e+01
-6.800e+01
-7.800e+01
-8.500e+01
-7.600e+01
-7.100e+01
-7.300e+01
-8.500e+01
-9.800e+01
-7.800e+01
-7.400e+01
-8.400e+01
-7.800e+01
-7.900e+01
-8.400e+01
-9.100e+01
-8.100e+01
-7.800e+01
-7.900e+01
-7.900e+01
-7.200e+01
-6.400e+01
-6.900e+01
-7.400e+01
-7.900e+01
-7.900e+01
-8.600e+01
-8.400e+01
-8.500e+01
-9.000e+01
-6.900e+01
-8.000e+01
-8.500e+01
-8.200e+01
-8.400e+01
-7.800e+01
-7.900e+01
-7.800e+01
-8.200e+01
-5.700e+01
-7.000e+01
-9.100e+01
-8.100e+01
-6.400e+01
-7.700e+01
-7.700e+01
-6.500e+01
-7.800e+01
-8.500e+01
-7.600e+01
-8.600e+01
-7.500e+01
-8.600e+01
-7.700e+01
-7.800e+01
-8.600e+01
-8.200e+01
-9.400e+01
-1.710e+02
-1.040e+02
-1.040e+02
-7.900e+01
-8.500e+01
-7.000e+01
-6.500e+01
-7.700e+01
-7.800e+01
-7.200e+01
-9.700e+01
-9.000e+01
-8.800e+01
-8.000e+01
-7.800e+01
-8.600e+01
-7.600e+01
-8.600e+01
-7.800e+01
-8.000e+01
-9.100e+01
-8.000e+01
-9.800e+01
-8.500e+01
-7.200e+01
-6.500e+01
-9.000e+01
-8.800e+01
-6.300e+01
-9.300e+01
-8.500e+01
-7.700e+01
-7.800e+01
-7.500e+01
-8.400e+01
-8.900e+01
-9.200e+01
-7.600e+01
-9.000e+01
-7.200e+01
-7.500e+01
-1.680e+02
-9.700e+01
-7.700e+01
-7.900e+01
-7.400e+01
-7.300e+01
-7.200e+01
-7.200e+01
-8.000e+01
-9.300e+01
-7.300e+01
-7.900e+01
-9.500e+01
-1.020e+02
-8.400e+01
-7.300e+01
-7.900e+01
-7.200e+01
-9.200e+01
-9.000e+01
-7.800e+01
-6.500e+01
-1.010e+02
-7.400e+01
-6.600e+01
-9.200e+01
-9.100e+01
-7.900e+01
-1.000e+02
-9.500e+01
-9.300e+01
-1.000e+02
-7.700e+01
-8.900e+01
-8.400e+01
-9.200e+01
-7.800e+01
-7.900e+01
-7.200e+01
-9.200e+01
-8.900e+01
-7.300e+01
-8.200e+01
-7.200e+01
-6.400e+01
-7.300e+01
-7.300e+01
-1.150e+02
-9.600e+01
-8.700e+01
-7.400e+01
-1.510e+02
-7.200e+01
-7.200e+01
-8.800e+01
-7.600e+01
-8.600e+01
-1.020e+02
-7.200e+01
-6.600e+01
-6.500e+01
-8.000e+01
-9.500e+01
-7.500e+01
-7.400e+01
-7.800e+01
-6.400e+01
-7.700e+01
-9.000e+01
-7.600e+01
-6.500e+01
-8.800e+01
-7.300e+01
-8.400e+01
-9.200e+01
-8.900e+01
-7.100e+01
-7.800e+01
-8.900e+01
-8.300e+01
-7.200e+01
-9.100e+01
-6.800e+01
-9.500e+01
-8.000e+01
-7.100e+01
-7.200e+01
-8.300e+01
-8.700e+01
-7.200e+01
-7.600e+01
-7.600e+01
-7.300e+01
-7.900e+01
-1.170e+02
-8.300e+01
-9.800e+01
-9.400e+01
-6.500e+01
-7.700e+01
-9.000e+01
-9.000e+01
-7.900e+01
-6.300e+01
-7.800e+01
-7.600e+01
-8.600e+01
-8.800e+01
-9.400e+01
-7.300e+01
-9.200e+01
-8.800e+01
-8.300e+01
-8.400e+01
-7.800e+01
-9.800e+01
-7.900e+01
-9.200e+01
-8.400e+01
-7.200e+01
-6.900e+01
-9.400e+01
-8.100e+01
-9.000e+01
-7.100e+01
-8.200e+01
-7.900e+01
-8.800e+01
-8.200e+01
-7.600e+01
-7.800e+01
-8.600e+01
-1.580e+02
-7.600e+01
-8.000e+01
-8.200e+01
-7.700e+01
-1.060e+02
-6.800e+01
-8.200e+01
-8.200e+01
-6.900e+01
-8.400e+01
-8.000e+01
-7.800e+01
-8.600e+01
-8.400e+01
-7.900e+01
-7.700e+01
-8.000e+01
-8.700e+01
-7.900e+01
-1.440e+02
-8.300e+01
-8.300e+01
-9.200e+01
-8.600e+01
-7.800e+01
-6.800e+01
-9.100e+01
-7.900e+01
-9.000e+01
-7.500e+01
-8.400e+01
-7.900e+01
-9.000e+01
-8.500e+01
-9.800e+01
-7.100e+01
-7.200e+01
-6.900e+01
-8.400e+01
-7.100e+01
-6.900e+01
-8.000e+01
-8.400e+01
-7.900e+01
-9.600e+01
-8.600e+01
-9.100e+01
-8.600e+01
-8.000e+01
-8.200e+01
-6.900e+01
-6.200e+01
-6.200e+01
-2.060e+02
-7.600e+01
-8.300e+01
-8.500e+01
-8.700e+01
-7.800e+01
-8.500e+01
-7.000e+01
-7.200e+01
-7.000e+01
-8.600e+01
-9.700e+01
-7.900e+01
-7.800e+01
-7.700e+01
-8.600e+01
-8.200e+01
-9.600e+01
-7.900e+01
-8.900e+01
-8.200e+01
-7.800e+01
-7.100e+01
-8.500e+01
-1.030e+02
-7.200e+01
-8.400e+01
-7.700e+01
-8.900e+01
-8.400e+01
-1.010e+02
-7.800e+01
-8.600e+01
-9.200e+01
-8.700e+01
-6.500e+01
-6.500e+01
-7.800e+01
-1.330e+02
-6.400e+01
-1.050e+02
-7.200e+01
-6.400e+01
-9.600e+01
-8.200e+01
-7.800e+01
-1.080e+02
-9.500e+01
-7.600e+01
-7.500e+01
-8.800e+01
-7.900e+01
-8.000e+01
-8.000e+01
-7.600e+01
-7.000e+01
-8.700e+01
-7.800e+01
-6.800e+01
-7.800e+01
-9.000e+01
-1.290e+02
-8.800e+01
-9.500e+01
-1.130e+02
-8.000e+01
-1.390e+02
-9.800e+01
-7.100e+01
-6.500e+01
-1.080e+02
-8.800e+01
-7.800e+01
-7.700e+01
-9.300e+01
-8.700e+01
-7.900e+01
-6.900e+01
-8.600e+01
-9.400e+01
-7.800e+01
-8.500e+01
-1.040e+02
-1.530e+02
-7.800e+01
-8.700e+01
-9.300e+01
-1.230e+02
-8.900e+01
-7.500e+01
-8.600e+01
-7.900e+01
-9.300e+01
-7.200e+01
-6.900e+01
-7.800e+01
-7.900e+01
-9.000e+01
-8.500e+01
-7.900e+01
-8.000e+01
-7.600e+01
-1.360e+02
-9.000e+01
-8.500e+01
-8.600e+01
-8.800e+01
-9.500e+01
-8.800e+01
-7.800e+01
-8.100e+01
-7.600e+01
-7.700e+01
-8.300e+01
-8.600e+01
-8.800e+01
-7.200e+01
-7.400e+01
-8.900e+01
-7.300e+01
-7.400e+01
-1.330e+02
-7.900e+01
-7.700e+01
-8.200e+01
-8.400e+01
-8.400e+01
-7.500e+01
-8.200e+01
-9.100e+01
-7.700e+01
-7.800e+01
-1.090e+02
-6.900e+01
-7.000e+01
-8.600e+01
-8.000e+01
-9.600e+01
-9.600e+01
-9.200e+01
-1.090e+02
-7.800e+01
-7.800e+01
-9.500e+01
-7.200e+01
-8.700e+01
-8.000e+01
-7.900e+01
-1.270e+02
-8.200e+01
-8.600e+01
-7.800e+01
-8.800e+01
-7.100e+01
-7.300e+01
-7.800e+01
-8.400e+01
-9.100e+01
-7.000e+01
-8.500e+01
-7.300e+01
-7.500e+01
-7.900e+01
-8.000e+01
-7.000e+01
-8.100e+01
-7.800e+01
-9.200e+01
-1.710e+02
-7.500e+01
-8.800e+01
-8.500e+01
-9.200e+01
-6.400e+01
-8.600e+01
-6.500e+01
-8.300e+01
-6.700e+01
-9.300e+01
-6.400e+01
-8.600e+01
-9.400e+01
-7.200e+01
-1.240e+02
-7.500e+01
-8.700e+01
-7.300e+01
-1.450e+02
-7.900e+01
-7.400e+01
-9.100e+01
-8.600e+01
-6.900e+01
-8.600e+01
-8.300e+01
-8.600e+01
-1.410e+02
-7.900e+01
-8.600e+01
-8.500e+01
-8.100e+01
-7.400e+01
-1.050e+02
-9.300e+01
-7.400e+01
-7.600e+01
-6.400e+01
-6.600e+01
-7.900e+01
-6.400e+01
-8.800e+01
-7.800e+01
-6.900e+01
-8.000e+01
-7.400e+01
-7.200e+01
-9.000e+01
-7.300e+01
-7.200e+01
-8.100e+01
-8.300e+01
-7.200e+01
-7.800e+01
-7.600e+01
-9.400e+01
-7.800e+01
-9.600e+01
-7.500e+01
-7.700e+01
-1.130e+02
-6.600e+01
-8.600e+01
-8.900e+01
-6.900e+01
-7.300e+01
-8.400e+01
-8.900e+01
-6.500e+01
-7.500e+01
-7.300e+01
-9.000e+01
-6.500e+01
-7.200e+01
-7.300e+01
-8.900e+01
-7.300e+01
