-2.032e+03
-3.567e+03
-9.710e+02
-1.297e+03
-3.248e+03
-2.841e+03
-2.768e+03
-4.346e+03
-2.568e+03
-4.206e+03
-1.363e+03
-1.781e+03
-2.199e+03
-2.687e+03
-3.934e+03
-8.210e+02
-2.046e+03
-7.400e+02
-2.550e+03
-1.216e+03
-6.020e+02
-1.272e+03
-8.650e+02
-1.050e+03
-1.315e+03
-8.000e+02
-9.490e+02
-7.100e+02
-6.060e+02
-4.310e+02
-4.580e+02
-7.550e+02
-5.110e+02
-4.310e+02
-8.090e+02
-3.120e+02
-5.250e+02
-7.520e+02
-4.370e+02
-5.320e+02
-6.420e+02
-7.510e+02
-4.750e+02
-6.880e+02
-3.490e+02
-2.980e+02
-5.710e+02
-5.940e+02
-4.770e+02
-3.750e+02
-1.810e+02
-5.340e+02
-6.620e+02
-4.150e+02
-4.170e+02
-8.850e+02
-2.270e+02
-3.030e+02
-8.030e+02
-5.150e+02
-4.450e+02
-5.840e+02
-4.230e+02
-4.840e+02
-5.330e+02
-2.970e+02
-3.820e+02
-6.020e+02
-3.670e+02
-4.090e+02
-3.420e+02
-1.151e+03
-4.820e+02
-3.910e+02
-3.910e+02
-4.750e+02
-3.760e+02
-3.450e+02
-2.950e+02
-3.480e+02
-5.360e+02
-2.880e+02
-4.540e+02
-4.690e+02
-3.250e+02
-2.790e+02
-2.230e+02
-3.280e+02
-4.160e+02
-5.790e+02
-4.260e+02
-5.330e+02
-5.370e+02
-4.690e+02
-3.260e+02
-2.320e+02
-2.920e+02
-3.330e+02
-2.670e+02
-4.190e+02
-3.880e+02
-3.780e+02
-2.420e+02
-4.230e+02
-3.720e+02
-3.430e+02
-4.390e+02
-2.540e+02
-2.680e+02
-2.510e+02
-2.670e+02
-6.880e+02
-3.010e+02
-3.080e+02
-2.640e+02
-4.450e+02
-2.490e+02
-3.610e+02
-6.750e+02
-3.390e+02
-3.470e+02
-2.860e+02
-2.930e+02
-2.150e+02
-2.460e+02
-2.440e+02
-4.250e+02
-3.280e+02
-2.770e+02
-3.270e+02
-2.500e+02
-3.310e+02
-3.820e+02
-3.250e+02
-2.630e+02
-1.970e+02
-4.210e+02
-3.520e+02
-2.810e+02
-5.070e+02
-3.390e+02
-3.250e+02
-3.870e+02
-6.020e+02
-3.220e+02
-5.720e+02
-3.310e+02
-2.380e+02
-3.230e+02
-4.550e+02
-3.630e+02
-3.890e+02
-3.740e+02
-2.670e+02
-3.200e+02
-2.290e+02
-3.210e+02
-2.330e+02
-2.890e+02
-2.020e+02
-3.710e+02
-2.750e+02
-2.930e+02
-2.850e+02
-2.300e+02
-1.980e+02
-2.880e+02
-2.320e+02
-3.820e+02
-2.350e+02
-3.400e+02
-3.990e+02
-3.990e+02
-3.830e+02
-2.400e+02
-3.700e+02
-3.090e+02
-2.280e+02
-2.430e+02
-4.150e+02
-3.570e+02
-2.900e+02
-1.051e+03
-3.150e+02
-2.720e+02
-2.510e+02
-3.720e+02
-2.720e+02
-5.550e+02
-2.530e+02
-3.580e+02
-2.210e+02
-3.710e+02
-4.160e+02
-3.490e+02
-2.140e+02
-2.350e+02
-3.250e+02
-3.510e+02
-2.560e+02
-2.130e+02
-2.880e+02
-3.580e+02
-2.860e+02
-3.240e+02
-3.170e+02
-1.700e+02
-2.680e+02
-2.310e+02
-2.030e+02
-2.350e+02
-4.330e+02
-2.980e+02
-2.210e+02
-3.570e+02
-3.080e+02
-2.980e+02
-2.160e+02
-3.060e+02
-2.370e+02
-2.660e+02
-2.820e+02
-3.420e+02
-3.360e+02
-3.390e+02
-2.450e+02
-2.750e+02
-2.900e+02
-3.230e+02
-2.100e+02
-2.150e+02
-2.380e+02
-2.170e+02
-2.540e+02
-2.310e+02
-2.260e+02
-2.390e+02
-2.670e+02
-2.060e+02
-2.740e+02
-2.000e+02
-2.190e+02
-2.400e+02
-2.730e+02
-3.560e+02
-2.020e+02
-2.020e+02
-2.790e+02
-2.910e+02
-3.920e+02
-3.130e+02
-2.220e+02
-2.540e+02
-2.050e+02
-2.020e+02
-2.320e+02
-2.650e+02
-1.650e+02
-4.650e+02
-2.990e+02
-2.440e+02
-2.600e+02
-2.720e+02
-2.410e+02
-2.810e+02
-2.780e+02
-2.190e+02
-2.040e+02
-1.950e+02
-2.890e+02
-2.500e+02
-1.810e+02
-1.550e+02
-2.440e+02
-2.450e+02
-2.460e+02
-3.640e+02
-2.570e+02
-2.580e+02
-1.950e+02
-2.570e+02
-2.880e+02
-1.590e+02
-2.170e+02
-1.630e+02
-2.200e+02
-2.660e+02
-2.140e+02
-2.640e+02
-1.960e+02
-2.570e+02
-2.000e+02
-2.050e+02
-2.530e+02
-2.150e+02
-2.450e+02
-2.330e+02
-2.170e+02
-2.130e+02
-3.110e+02
-2.390e+02
-2.380e+02
-3.080e+02
-2.160e+02
-4.000e+02
-3.460e+02
-3.700e+02
-2.020e+02
-3.410e+02
-1.760e+02
-2.870e+02
-3.530e+02
-3.090e+02
-2.810e+02
-2.800e+02
-2.260e+02
-2.300e+02
-1.750e+02
-2.210e+02
-1.780e+02
-2.030e+02
-2.090e+02
-2.740e+02
-2.520e+02
-2.020e+02
-1.880e+02
-2.320e+02
-2.600e+02
-2.230e+02
-1.950e+02
-2.220e+02
-2.210e+02
-2.080e+02
-2.060e+02
-2.100e+02
-1.770e+02
-2.940e+02
-2.040e+02
-1.720e+02
-1.960e+02
-2.650e+02
-2.610e+02
-1.660e+02
-1.900e+02
-2.590e+02
-2.550e+02
-1.560e+02
-2.240e+02
-2.200e+02
-2.310e+02
-3.240e+02
-2.170e+02
-1.280e+02
-1.950e+02
-2.200e+02
-2.370e+02
-1.730e+02
-2.050e+02
-2.190e+02
-2.420e+02
-1.930e+02
-2.680e+02
-3.420e+02
-2.130e+02
-1.900e+02
-2.290e+02
-1.740e+02
-3.870e+02
-1.610e+02
-2.130e+02
-1.760e+02
-1.650e+02
-1.930e+02
-2.010e+02
-2.620e+02
-1.950e+02
-2.980e+02
-2.390e+02
-2.140e+02
-1.550e+02
-2.150e+02
-2.270e+02
-1.780e+02
-2.390e+02
-2.130e+02
-2.180e+02
-2.440e+02
-2.230e+02
-1.870e+02
-1.750e+02
-2.100e+02
-2.810e+02
-2.950e+02
-1.550e+02
-2.460e+02
-2.680e+02
-1.960e+02
-1.400e+02
-1.320e+02
-2.560e+02
-2.440e+02
-3.700e+02
-2.410e+02
-2.080e+02
-1.170e+02
-1.870e+02
-1.290e+02
-1.590e+02
-1.420e+02
-2.530e+02
-2.480e+02
-1.840e+02
-1.980e+02
-2.020e+02
-5.940e+02
-2.140e+02
-1.670e+02
-2.090e+02
-2.230e+02
-1.780e+02
-2.600e+02
-1.630e+02
-2.060e+02
-1.980e+02
-2.290e+02
-1.230e+02
-2.350e+02
-1.610e+02
-2.150e+02
-2.520e+02
-1.990e+02
-1.620e+02
-3.480e+02
-1.820e+02
-1.980e+02
-2.040e+02
-1.990e+02
-2.690e+02
-1.630e+02
-2.120e+02
-1.930e+02
-1.810e+02
-1.670e+02
-1.710e+02
-1.900e+02
-1.590e+02
-2.450e+02
-2.950e+02
-1.640e+02
-2.630e+02
-1.720e+02
-1.950e+02
-2.380e+02
-2.220e+02
-2.060e+02
-2.310e+02
-2.290e+02
-1.690e+02
-1.600e+02
-2.680e+02
-1.830e+02
-2.180e+02
-1.610e+02
-1.750e+02
-2.050e+02
-2.090e+02
-2.350e+02
-2.590e+02
-2.280e+02
-2.030e+02
-1.850e+02
-1.930e+02
-2.110e+02
-2.180e+02
-2.660e+02
-4.910e+02
-1.920e+02
-1.810e+02
-1.470e+02
-2.410e+02
-2.130e+02
-1.600e+02
-2.270e+02
-1.140e+02
-1.100e+02
-1.780e+02
-1.650e+02
-1.340e+02
-1.480e+02
-1.980e+02
-2.120e+02
-2.110e+02
-1.640e+02
-1.500e+02
-1.440e+02
-2.200e+02
-1.990e+02
-1.880e+02
-1.660e+02
-1.730e+02
-1.640e+02
-1.780e+02
-1.730e+02
-1.640e+02
-1.960e+02
-2.600e+02
-2.140e+02
-1.510e+02
-1.610e+02
-2.230e+02
-2.190e+02
-2.810e+02
-2.320e+02
-1.270e+02
-2.220e+02
-2.990e+02
-2.900e+02
-1.490e+02
-1.730e+02
-2.120e+02
-1.150e+02
-2.010e+02
-1.830e+02
-1.330e+02
-1.770e+02
-2.160e+02
-1.360e+02
-1.490e+02
-2.170e+02
-2.000e+02
-1.980e+02
-2.660e+02
-1.950e+02
-2.160e+02
-1.960e+02
-1.760e+02
-1.480e+02
-2.010e+02
-1.780e+02
-1.100e+02
-1.350e+02
-1.620e+02
-1.890e+02
-1.370e+02
-1.860e+02
-1.820e+02
-1.390e+02
-1.410e+02
-1.560e+02
-1.950e+02
-1.620e+02
-2.600e+02
-1.570e+02
-2.500e+02
-1.290e+02
-1.530e+02
-1.990e+02
-1.350e+02
-2.460e+02
-1.110e+02
-1.520e+02
-2.170e+02
-1.910e+02
-1.330e+02
-2.390e+02
-1.670e+02
-2.030e+02
-2.160e+02
-1.680e+02
-3.040e+02
-1.980e+02
-1.960e+02
-1.860e+02
-1.470e+02
-1.800e+02
-2.060e+02
-1.890e+02
-1.790e+02
-1.690e+02
-1.670e+02
-1.530e+02
-2.590e+02
-1.570e+02
-2.050e+02
-1.290e+02
-1.280e+02
-2.450e+02
-1.740e+02
-1.440e+02
-1.290e+02
-1.980e+02
-1.720e+02
-2.380e+02
-1.840e+02
-2.090e+02
-1.660e+02
-3.810e+02
-2.480e+02
-1.460e+02
-1.050e+02
-1.660e+02
-2.030e+02
-1.960e+02
-1.790e+02
-1.310e+02
-1.490e+02
-2.320e+02
-1.450e+02
-1.500e+02
-1.580e+02
-1.380e+02
-2.230e+02
-1.780e+02
-1.770e+02
-1.770e+02
-1.820e+02
-2.210e+02
-2.250e+02
-1.670e+02
-2.120e+02
-1.170e+02
-2.080e+02
-1.440e+02
-1.000e+02
-1.640e+02
-1.800e+02
-1.600e+02
-1.340e+02
-1.450e+02
-1.030e+02
-1.690e+02
-1.590e+02
-1.930e+02
-1.390e+02
-2.310e+02
-1.490e+02
-1.490e+02
-2.560e+02
-1.880e+02
-1.470e+02
-1.670e+02
-2.220e+02
-2.180e+02
-1.610e+02
-2.450e+02
-2.020e+02
-1.920e+02
-9.200e+01
-1.590e+02
-1.700e+02
-1.950e+02
-1.100e+02
-1.340e+02
-1.730e+02
-1.780e+02
-1.660e+02
-1.210e+02
-1.770e+02
-2.200e+02
-1.860e+02
-1.800e+02
-1.440e+02
-1.350e+02
-1.590e+02
-1.830e+02
-1.420e+02
-1.290e+02
-1.240e+02
-1.810e+02
-1.300e+02
-1.510e+02
-2.220e+02
-1.790e+02
-1.930e+02
-2.140e+02
-1.750e+02
-1.410e+02
-1.490e+02
-1.440e+02
-1.920e+02
-1.480e+02
-2.010e+02
-1.470e+02
-1.810e+02
-1.800e+02
-9.400e+01
-3.590e+02
-1.710e+02
-1.850e+02
-1.390e+02
-1.650e+02
-1.250e+02
-1.710e+02
-1.870e+02
-1.810e+02
-1.650e+02
-1.470e+02
-1.520e+02
-1.090e+02
-1.830e+02
-1.450e+02
-1.710e+02
-2.370e+02
-1.820e+02
-1.810e+02
-1.870e+02
-1.730e+02
-1.740e+02
-1.360e+02
-1.540e+02
-1.830e+02
-1.390e+02
-1.570e+02
-1.860e+02
-1.570e+02
-5.520e+02
-1.640e+02
-1.080e+02
-1.390e+02
-1.370e+02
-1.420e+02
-1.920e+02
-1.620e+02
-1.300e+02
-1.150e+02
-1.650e+02
-1.880e+02
-1.660e+02
-1.810e+02
-1.720e+02
-1.730e+02
-1.910e+02
-1.740e+02
-1.760e+02
-1.090e+02
-2.230e+02
-2.390e+02
-1.400e+02
-2.470e+02
-1.450e+02
-1.160e+02
-1.650e+02
-1.450e+02
-2.100e+02
-1.610e+02
-1.690e+02
-1.530e+02
-1.380e+02
-2.450e+02
-2.350e+02
-1.750e+02
-1.340e+02
-1.300e+02
-1.950e+02
-1.960e+02
-1.700e+02
-2.030e+02
-1.360e+02
-1.620e+02
-1.590e+02
-1.510e+02
-1.400e+02
-1.620e+02
-1.700e+02
-1.290e+02
-1.590e+02
-1.520e+02
-1.030e+02
-1.820e+02
-1.950e+02
-1.140e+02
-1.680e+02
-1.760e+02
-1.530e+02
-1.520e+02
-1.230e+02
-1.730e+02
-1.280e+02
-1.870e+02
-1.480e+02
-2.060e+02
-1.710e+02
-1.760e+02
-1.640e+02
-1.550e+02
-1.920e+02
-2.250e+02
-1.590e+02
-1.710e+02
-1.310e+02
-1.510e+02
-1.150e+02
-1.510e+02
-1.710e+02
-1.640e+02
-1.400e+02
-1.800e+02
-1.320e+02
-1.580e+02
-1.540e+02
-1.430e+02
-1.340e+02
-2.400e+02
-1.790e+02
-1.480e+02
-1.200e+02
-1.770e+02
-1.200e+02
-1.380e+02
-1.220e+02
-2.330e+02
-1.550e+02
-1.540e+02
-1.990e+02
-1.280e+02
-1.630e+02
-1.750e+02
-1.690e+02
-1.090e+02
-2.340e+02
-1.550e+02
-1.890e+02
-1.560e+02
-1.190e+02
-2.390e+02
-1.500e+02
-1.600e+02
-1.440e+02
-1.780e+02
-1.780e+02
-1.870e+02
-1.640e+02
-1.560e+02
-1.380e+02
-1.220e+02
-1.310e+02
-1.500e+02
-1.470e+02
-1.450e+02
-1.190e+02
-1.390e+02
-1.520e+02
-1.500e+02
-2.160e+02
-1.410e+02
-2.010e+02
-1.880e+02
-9.060e+02
-1.460e+02
-1.680e+02
-1.690e+02
-1.640e+02
-1.750e+02
-1.210e+02
-1.040e+02
-1.080e+02
-1.260e+02
-1.160e+02
-1.310e+02
-1.080e+02
-1.890e+02
-1.400e+02
-1.420e+02
-1.900e+02
-1.180e+02
-2.090e+02
-1.750e+02
-2.080e+02
-1.240e+02
-1.630e+02
-1.320e+02
-1.870e+02
-1.310e+02
-1.160e+02
-1.550e+02
-1.080e+02
-1.480e+02
-1.440e+02
-1.510e+02
-1.540e+02
-1.520e+02
-1.650e+02
-1.510e+02
-1.350e+02
-1.730e+02
-2.140e+02
-1.380e+02
-1.410e+02
-1.920e+02
-5.460e+02
-1.740e+02
-1.100e+02
-1.790e+02
-1.510e+02
-1.330e+02
-1.460e+02
-1.190e+02
-2.220e+02
-1.140e+02
-1.210e+02
-1.360e+02
-1.620e+02
-1.420e+02
-1.690e+02
-1.950e+02
-1.550e+02
-1.390e+02
-1.290e+02
-1.410e+02
-1.780e+02
-1.090e+02
-1.580e+02
-1.300e+02
-1.290e+02
-1.610e+02
-1.380e+02
-1.290e+02
-1.620e+02
-1.460e+02
-1.190e+02
-1.520e+02
-1.690e+02
-2.160e+02
-1.210e+02
-1.530e+02
-1.430e+02
-1.180e+02
-1.860e+02
-1.180e+02
-1.740e+02
-2.040e+02
-1.060e+02
-1.960e+02
-1.160e+02
-1.880e+02
-1.290e+02
-1.410e+02
-1.290e+02
-1.340e+02
-2.700e+02
-1.360e+02
-1.460e+02
-1.380e+02
-1.450e+02
-1.510e+02
-1.170e+02
-1.210e+02
-1.390e+02
-1.400e+02
-1.510e+02
-1.380e+02
-1.790e+02
-1.380e+02
-1.410e+02
-1.580e+02
-1.300e+02
-1.590e+02
-1.170e+02
-1.470e+02
-1.190e+02
-1.340e+02
-1.180e+02
-1.260e+02
-1.710e+02
-1.640e+02
-1.860e+02
-1.210e+02
-1.320e+02
-1.290e+02
-1.000e+02
-1.190e+02
-1.670e+02
-1.250e+02
-1.580e+02
-1.110e+02
-1.340e+02
-1.070e+02
-1.210e+02
-1.280e+02
-1.350e+02
-1.130e+02
-1.460e+02
-1.100e+02
-1.530e+02
-1.850e+02
-1.440e+02
-1.730e+02
-9.600e+01
-1.030e+02
-1.110e+02
-1.530e+02
-1.200e+02
-1.510e+02
-1.200e+02
-1.230e+02
-1.310e+02
-1.290e+02
-1.140e+02
-1.620e+02
-1.260e+02
-1.810e+02
-1.400e+02
-1.530e+02
-1.610e+02
-1.700e+02
-1.320e+02
-1.220e+02
-9.900e+01
-1.320e+02
-1.410e+02
-1.300e+02
-1.260e+02
-1.440e+02
-1.540e+02
-1.230e+02
-1.220e+02
-1.110e+02
-9.700e+01
-9.600e+01
-1.080e+02
-1.380e+02
-1.090e+02
-3.430e+02
-1.280e+02
-1.860e+02
-1.560e+02
-1.590e+02
-1.370e+02
-1.370e+02
-2.030e+02
-1.520e+02
-1.100e+02
-1.310e+02
-1.290e+02
-1.470e+02
-1.130e+02
-1.360e+02
-1.200e+02
-1.370e+02
-1.130e+02
-1.460e+02
-1.420e+02
-1.420e+02
-1.270e+02
-1.470e+02
-9.300e+01
-1.050e+02
-1.280e+02
-1.280e+02
-1.410e+02
-1.170e+02
-1.020e+02
-1.330e+02
-1.180e+02
-1.390e+02
-1.200e+02
-1.310e+02
-9.700e+01
-1.500e+02
-1.500e+02
-1.510e+02
-1.510e+02
-1.190e+02
-1.500e+02
-2.100e+02
-1.070e+02
-1.510e+02
-1.340e+02
-1.330e+02
-1.360e+02
-1.300e+02
-1.130e+02
-1.350e+02
-1.390e+02
-1.380e+02
-1.220e+02
-9.000e+01
-1.370e+02
-8.700e+01
-1.290e+02
-1.400e+02
-1.310e+02
-1.620e+02
-1.470e+02
-1.330e+02
-1.240e+02
-1.000e+02
-1.460e+02
-1.420e+02
-1.560e+02
-1.540e+02
-1.440e+02
-1.350e+02
-1.320e+02
-1.230e+02
-1.160e+02
-1.160e+02
-1.620e+02
-1.040e+02
-1.350e+02
-1.390e+02
-1.680e+02
-1.070e+02
-1.210e+02
-1.480e+02
-2.310e+02
-1.420e+02
-1.170e+02
-1.400e+02
-1.440e+02
-1.020e+02
-1.450e+02
-1.310e+02
-9.100e+01
-1.020e+02
-1.620e+02
-1.570e+02
-1.050e+02
-1.320e+02
-8.900e+01
-1.350e+02
-5.480e+02
-1.620e+02
-1.010e+02
-1.040e+02
-1.840e+02
-1.540e+02
-1.330e+02
-1.680e+02
-9.100e+01
-1.440e+02
-1.400e+02
-9.800e+01
-1.080e+02
-1.110e+02
-1.220e+02
-9.800e+01
-1.830e+02
-1.180e+02
-1.040e+02
-1.380e+02
-1.520e+02
-1.630e+02
-1.670e+02
-1.010e+02
-1.480e+02
-1.670e+02
-1.460e+02
-1.220e+02
-1.150e+02
-1.320e+02
-1.290e+02
-1.300e+02
-1.290e+02
-1.290e+02
-1.010e+02
-1.390e+02
-1.590e+02
-1.630e+02
-1.510e+02
-1.020e+02
-1.580e+02
-1.020e+02
-1.430e+02
-1.430e+02
-1.350e+02
-1.150e+02
-1.270e+02
-1.310e+02
-1.600e+02
-1.150e+02
-1.140e+02
-1.380e+02
-1.320e+02
-8.800e+01
-1.280e+02
-1.400e+02
-1.300e+02
-1.270e+02
-1.050e+02
-1.220e+02
-1.300e+02
-1.330e+02
-1.090e+02
-1.600e+02
-1.490e+02
-9.800e+01
-9.300e+01
-8.200e+01
-1.170e+02
-1.850e+02
-1.170e+02
-1.180e+02
-1.190e+02
-1.130e+02
-2.160e+02
-1.380e+02
-1.140e+02
-1.320e+02
-1.520e+02
-1.430e+02
-1.360e+02
-1.000e+02
-9.700e+01
-1.090e+02
-1.670e+02
-1.300e+02
-1.320e+02
-1.070e+02
-1.190e+02
-1.200e+02
-1.090e+02
-1.180e+02
-1.010e+02
-1.200e+02
-1.050e+02
-2.130e+02
-1.150e+02
-1.430e+02
-1.130e+02
-1.450e+02
-7.000e+01
-1.140e+02
-1.440e+02
-1.470e+02
-1.350e+02
-1.400e+02
-8.900e+01
-1.420e+02
-9.800e+01
-1.120e+02
-1.230e+02
-1.780e+02
-1.390e+02
-9.000e+01
-1.140e+02
-1.460e+02
-1.700e+02
-1.160e+02
-1.370e+02
-1.290e+02
-1.440e+02
-1.320e+02
-9.400e+01
-1.060e+02
-1.680e+02
-9.600e+01
-1.430e+02
-1.370e+02
-1.680e+02
-1.320e+02
-1.040e+02
-1.290e+02
-1.190e+02
-1.140e+02
-8.300e+01
-9.500e+01
-1.200e+02
-1.140e+02
-1.540e+02
-1.660e+02
-1.500e+02
-1.200e+02
-1.230e+02
-1.050e+02
-1.470e+02
-1.080e+02
-1.200e+02
-1.340e+02
-1.240e+02
-1.120e+02
-1.360e+02
-1.010e+02
-1.270e+02
-1.680e+02
-1.100e+02
-9.900e+01
-1.400e+02
-1.020e+02
-2.140e+02
-1.000e+02
-1.320e+02
-1.440e+02
-1.450e+02
-1.330e+02
-1.000e+02
-1.440e+02
-1.130e+02
-1.200e+02
-1.190e+02
-1.460e+02
-1.180e+02
-1.230e+02
-1.180e+02
-1.390e+02
-1.310e+02
-1.830e+02
-1.100e+02
-1.090e+02
-1.700e+02
-1.220e+02
-1.300e+02
-1.020e+02
-1.800e+02
-1.540e+02
-1.210e+02
-1.050e+02
-1.190e+02
-1.200e+02
-1.540e+02
-9.800e+01
-1.510e+02
-1.060e+02
-1.220e+02
-1.130e+02
-1.360e+02
-1.170e+02
-1.910e+02
-1.220e+02
-1.720e+02
-1.260e+02
-9.700e+01
-1.060e+02
-1.490e+02
-9.400e+01
-1.200e+02
-1.400e+02
-1.380e+02
-1.100e+02
-1.440e+02
-1.370e+02
-1.290e+02
-1.020e+02
-1.830e+02
-1.170e+02
-1.300e+02
-1.050e+02
-1.460e+02
-2.420e+02
-1.080e+02
-1.320e+02
-1.120e+02
-1.290e+02
-1.250e+02
-1.350e+02
-1.800e+02
-1.770e+02
-1.170e+02
-1.370e+02
-1.350e+02
-1.390e+02
-1.230e+02
-8.100e+01
-1.360e+02
-4.470e+02
-1.300e+02
-1.160e+02
-1.560e+02
-1.060e+02
-1.320e+02
-1.640e+02
-1.500e+02
-1.000e+02
-9.700e+01
-1.250e+02
-1.100e+02
-8.700e+01
-1.080e+02
-1.200e+02
-1.420e+02
-8.100e+01
-1.110e+02
-1.500e+02
-1.020e+02
-1.310e+02
-1.110e+02
-1.150e+02
-1.220e+02
-1.220e+02
-1.490e+02
-1.040e+02
-2.000e+02
-1.500e+02
-1.610e+02
-1.220e+02
-1.050e+02
-1.260e+02
-1.480e+02
-9.100e+01
-1.110e+02
-9.900e+01
-9.100e+01
-9.600e+01
-1.430e+02
-1.230e+02
-1.060e+02
-1.050e+02
-1.300e+02
-9.800e+01
-1.240e+02
-1.190e+02
-1.050e+02
-1.390e+02
-1.240e+02
-1.050e+02
-9.800e+01
-1.500e+02
-9.900e+01
-1.350e+02
-1.470e+02
-1.390e+02
-9.200e+01
-1.160e+02
-8.000e+01
-1.500e+02
-1.100e+02
-1.280e+02
-1.380e+02
-1.200e+02
-1.120e+02
-1.380e+02
-1.250e+02
-9.300e+01
-1.800e+02
-1.060e+02
-1.120e+02
-1.210e+02
-1.100e+02
-1.220e+02
-1.090e+02
-1.470e+02
-4.930e+02
-1.500e+02
-1.160e+02
-1.360e+02
-1.400e+02
-1.280e+02
-1.050e+02
-1.080e+02
-1.550e+02
-1.110e+02
-1.360e+02
-1.110e+02
-1.070e+02
-1.010e+02
-1.700e+02
-1.560e+02
-1.360e+02
-1.310e+02
-1.190e+02
-1.560e+02
-1.260e+02
-1.560e+02
-1.190e+02
-1.240e+02
-1.160e+02
-9.000e+01
-1.480e+02
-1.440e+02
-1.450e+02
-1.070e+02
-1.160e+02
-1.040e+02
-1.740e+02
-1.400e+02
-9.700e+01
-1.290e+02
-1.550e+02
-1.380e+02
-1.270e+02
-1.260e+02
-9.900e+01
-1.050e+02
-1.130e+02
-1.400e+02
-9.600e+01
-1.050e+02
-2.170e+02
-1.120e+02
-1.380e+02
-1.420e+02
-9.800e+01
-1.450e+02
-1.170e+02
-1.010e+02
-1.390e+02
-1.040e+02
-1.220e+02
-1.170e+02
-1.270e+02
-1.160e+02
-1.330e+02
-9.400e+01
-1.160e+02
-9.500e+01
-1.350e+02
-1.380e+02
-1.280e+02
-1.230e+02
-1.740e+02
-1.110e+02
-1.680e+02
-9.100e+01
-1.330e+02
-8.500e+01
-1.610e+02
-1.290e+02
-1.810e+02
-1.240e+02
-1.690e+02
-1.090e+02
-1.100e+02
-1.560e+02
-1.030e+02
-9.300e+01
-1.350e+02
-9.800e+01
-9.500e+01
-1.100e+02
-1.060e+02
-1.010e+02
-9.300e+01
-1.020e+02
-1.080e+02
-1.070e+02
-1.000e+02
-9.700e+01
-8.900e+01
-1.010e+02
-1.040e+02
-8.900e+01
-1.220e+02
-8.600e+01
-1.040e+02
-9.800e+01
-9.300e+01
-8.900e+01
-1.050e+02
-9.100e+01
-1.020e+02
-9.500e+01
-1.640e+02
-1.340e+02
-9.100e+01
-1.400e+02
-1.210e+02
-1.490e+02
-1.130e+02
-9.900e+01
-8.200e+01
-1.350e+02
-1.080e+02
-1.580e+02
-9.700e+01
-1.160e+02
-1.870e+02
-1.560e+02
-1.500e+02
-4.390e+02
-9.100e+01
-1.300e+02
-1.150e+02
-9.700e+01
-1.130e+02
-4.900e+02
-1.290e+02
-1.430e+02
-1.320e+02
-1.310e+02
-8.700e+01
-1.240e+02
-1.180e+02
-9.000e+01
-1.090e+02
-1.030e+02
-1.610e+02
-1.200e+02
-1.340e+02
-1.300e+02
-1.010e+02
-1.070e+02
-1.200e+02
-1.190e+02
-1.070e+02
-9.900e+01
-1.520e+02
-9.500e+01
-1.200e+02
-1.050e+02
-8.100e+01
-1.110e+02
-1.270e+02
-1.170e+02
-1.070e+02
-9.700e+01
-1.500e+02
-1.230e+02
-1.300e+02
-1.210e+02
-1.220e+02
-1.260e+02
-1.190e+02
-1.040e+02
-1.190e+02
-1.070e+02
-1.070e+02
-1.110e+02
-9.700e+01
-1.180e+02
-1.510e+02
-1.010e+02
-1.370e+02
-1.350e+02
-9.300e+01
-1.470e+02
-1.040e+02
-1.990e+02
-9.600e+01
-1.020e+02
-1.400e+02
-1.300e+02
-1.160e+02
-9.700e+01
-1.330e+02
-1.430e+02
-1.080e+02
-1.100e+02
-1.270e+02
-1.420e+02
-1.280e+02
-1.080e+02
-8.300e+01
-1.070e+02
-1.160e+02
-1.180e+02
-9.200e+01
-8.000e+01
-9.000e+01
-3.830e+02
-1.630e+02
-1.310e+02
-1.380e+02
-8.200e+01
-8.200e+01
-1.210e+02
-1.090e+02
-1.250e+02
-1.520e+02
-1.830e+02
-1.050e+02
-1.100e+02
-9.100e+01
-1.320e+02
-1.050e+02
-8.900e+01
-8.300e+01
-1.370e+02
-1.310e+02
-1.050e+02
-1.320e+02
-1.500e+02
-7.700e+01
-1.630e+02
-9.900e+01
-8.800e+01
-1.300e+02
-1.200e+02
-1.400e+02
-1.560e+02
-9.600e+01
-1.070e+02
-1.130e+02
-1.440e+02
-1.430e+02
-1.180e+02
-9.600e+01
-1.240e+02
-1.210e+02
-1.260e+02
-1.350e+02
-1.250e+02
-8.800e+01
-8.700e+01
-1.040e+02
-1.110e+02
-1.050e+02
-9.200e+01
-9.900e+01
-1.800e+02
-1.240e+02
-1.220e+02
-1.220e+02
-1.420e+02
-1.070e+02
-1.360e+02
-1.330e+02
-1.280e+02
-9.400e+01
-1.550e+02
-1.140e+02
-1.120e+02
-1.110e+02
-3.060e+02
-1.320e+02
-1.840e+02
-1.050e+02
-1.300e+02
-1.250e+02
-1.370e+02
-1.150e+02
-1.320e+02
-9.600e+01
-1.160e+02
-1.110e+02
-1.430e+02
-1.440e+02
-1.120e+02
-9.300e+01
-1.120e+02
-1.330e+02
-1.100e+02
-1.170e+02
-1.050e+02
-9.200e+01
-1.060e+02
-9.900e+01
-1.300e+02
-2.800e+02
-8.500e+01
-9.700e+01
-1.020e+02
-1.270e+02
-8.200e+01
-8.700e+01
-1.380e+02
-1.110e+02
-1.410e+02
-1.050e+02
-9.200e+01
-9.900e+01
-1.560e+02
-1.140e+02
-9.300e+01
-1.320e+02
-8.600e+01
-1.310e+02
-1.090e+02
-1.000e+02
-1.310e+02
-8.800e+01
-9.300e+01
-1.340e+02
-9.300e+01
-1.280e+02
-9.300e+01
-1.040e+02
-1.090e+02
-1.870e+02
-1.050e+02
-8.900e+01
-9.600e+01
-1.270e+02
-1.100e+02
-1.020e+02
-1.110e+02
-1.250e+02
-1.970e+02
-9.500e+01
-1.060e+02
-1.250e+02
-8.900e+01
-9.700e+01
-9.300e+01
-9.100e+01
-1.470e+02
-1.220e+02
-1.290e+02
-1.030e+02
-9.900e+01
-1.090e+02
-9.100e+01
-1.060e+02
-9.900e+01
-1.050e+02
-1.390e+02
-1.110e+02
-9.500e+01
-9.300e+01
-1.150e+02
-1.110e+02
-1.040e+02
-1.260e+02
-1.300e+02
-1.150e+02
-1.130e+02
-9.300e+01
-1.160e+02
-9.600e+01
-1.180e+02
-9.100e+01
-1.420e+02
-9.900e+01
-1.500e+02
-1.020e+02
-1.040e+02
-1.270e+02
-1.310e+02
-9.200e+01
-1.070e+02
-1.120e+02
-9.400e+01
-8.900e+01
-9.400e+01
-1.130e+02
-1.670e+02
-1.450e+02
-8.700e+01
-1.230e+02
-1.050e+02
-1.150e+02
-1.140e+02
-1.030e+02
-1.160e+02
-1.240e+02
-8.900e+01
-1.060e+02
-1.130e+02
-8.000e+01
-1.080e+02
-1.180e+02
-8.700e+01
-9.500e+01
-1.100e+02
-1.100e+02
-1.000e+02
-1.130e+02
-1.070e+02
-7.500e+01
-2.010e+02
-1.060e+02
-9.000e+01
-9.100e+01
-1.360e+02
-1.060e+02
-1.020e+02
-1.170e+02
-8.100e+01
-1.080e+02
-1.070e+02
-1.210e+02
-1.090e+02
-1.100e+02
-1.370e+02
-1.280e+02
-1.050e+02
-1.410e+02
-8.800e+01
-8.600e+01
-6.130e+02
-1.270e+02
-1.200e+02
-9.000e+01
-8.300e+01
-9.000e+01
-8.300e+01
-1.100e+02
-8.200e+01
-9.600e+01
-1.460e+02
-1.150e+02
-1.130e+02
-1.160e+02
-9.800e+01
-9.600e+01
-1.000e+02
-1.360e+02
-2.130e+02
-1.450e+02
-1.310e+02
-9.000e+01
-1.200e+02
-1.180e+02
-6.800e+01
-1.060e+02
-9.900e+01
-1.260e+02
-9.100e+01
-1.220e+02
-8.400e+01
-1.330e+02
-9.800e+01
-1.240e+02
-9.700e+01
-1.080e+02
-9.900e+01
-9.100e+01
-1.020e+02
-7.600e+01
-1.390e+02
-9.700e+01
-1.090e+02
-1.130e+02
-9.600e+01
-8.600e+01
-1.360e+02
-9.400e+01
-9.000e+01
-9.100e+01
-9.600e+01
-1.190e+02
-1.170e+02
-1.050e+02
-8.000e+01
-1.250e+02
-1.540e+02
-1.470e+02
-1.030e+02
-1.050e+02
-1.540e+02
-1.750e+02
-1.070e+02
-9.400e+01
-8.200e+01
-3.230e+02
-9.300e+01
-1.090e+02
-1.250e+02
-1.490e+02
-1.230e+02
-1.610e+02
-8.800e+01
-1.430e+02
-9.000e+01
-6.900e+01
-1.060e+02
-1.810e+02
-1.100e+02
-9.600e+01
-8.700e+01
-9.800e+01
-1.260e+02
-1.250e+02
-1.100e+02
-1.230e+02
-9.100e+01
-1.080e+02
-1.580e+02
-8.100e+01
-1.120e+02
-1.120e+02
-1.000e+02
-9.800e+01
-7.300e+01
-1.020e+02
-8.400e+01
-1.320e+02
-1.970e+02
-1.140e+02
-9.100e+01
-9.600e+01
-1.240e+02
-8.300e+01
-8.400e+01
-1.270e+02
-7.500e+01
-1.030e+02
-7.400e+01
-9.400e+01
-1.040e+02
-9.500e+01
-9.000e+01
-1.180e+02
-1.170e+02
-1.010e+02
-1.010e+02
-8.500e+01
-1.440e+02
-1.130e+02
-9.900e+01
-8.700e+01
-1.230e+02
-8.400e+01
-1.210e+02
-9.500e+01
-1.060e+02
-7.400e+01
-8.200e+01
-1.330e+02
-1.180e+02
-1.020e+02
-9.900e+01
-1.020e+02
-1.090e+02
-1.060e+02
-9.100e+01
-9.000e+01
-1.160e+02
-1.180e+02
-8.300e+01
-7.800e+01
-9.900e+01
-1.050e+02
-1.080e+02
-9.100e+01
-9.400e+01
-1.140e+02
-8.000e+01
-1.130e+02
-8.500e+01
-8.800e+01
-9.300e+01
-9.300e+01
-1.080e+02
-1.380e+02
-9.500e+01
-1.040e+02
-1.030e+02
-1.580e+02
-1.290e+02
-1.260e+02
-1.050e+02
-1.180e+02
-9.900e+01
-8.600e+01
-7.500e+01
-9.600e+01
-1.010e+02
-1.160e+02
-1.160e+02
-9.000e+01
-1.040e+02
-8.700e+01
-1.020e+02
-1.160e+02
-1.050e+02
-9.900e+01
-1.110e+02
-1.200e+02
-9.400e+01
-1.000e+02
-8.100e+01
-1.150e+02
-1.080e+02
-1.130e+02
-1.090e+02
-1.040e+02
-1.660e+02
-8.800e+01
-1.050e+02
-1.350e+02
-8.600e+01
-1.250e+02
-1.070e+02
-1.010e+02
-8.900e+01
-1.020e+02
-1.030e+02
-1.470e+02
-8.400e+01
-9.400e+01
-9.600e+01
-1.210e+02
-8.500e+01
-1.360e+02
-9.800e+01
-1.250e+02
-1.210e+02
-1.200e+02
-8.400e+01
-7.700e+01
-1.370e+02
-1.380e+02
-1.030e+02
-1.000e+02
-1.080e+02
-8.800e+01
-9.000e+01
-8.000e+01
-1.210e+02
-8.400e+01
-8.700e+01
-7.800e+01
-9.900e+01
-9.500e+01
-1.060e+02
-1.600e+02
-8.300e+01
-9.600e+01
-8.600e+01
-1.000e+02
-1.240e+02
-1.070e+02
-1.200e+02
-8.000e+01
-9.400e+01
-9.600e+01
-8.000e+01
-9.600e+01
-1.000e+02
-1.260e+02
-9.900e+01
-1.140e+02
-1.030e+02
-7.600e+01
-1.160e+02
-1.030e+02
-1.190e+02
-8.700e+01
-1.250e+02
-8.600e+01
-1.350e+02
-1.060e+02
-7.200e+01
-1.000e+02
-1.280e+02
-1.190e+02
-1.060e+02
-9.100e+01
-8.400e+01
-1.040e+02
-7.200e+01
-1.920e+02
-8.200e+01
-1.030e+02
-3.850e+02
-3.050e+02
-9.600e+01
-2.280e+02
-9.700e+01
-8.400e+01
-1.030e+02
-1.560e+02
-1.100e+02
-9.100e+01
-8.900e+01
-1.120e+02
-1.190e+02
-1.060e+02
-1.490e+02
-1.270e+02
-8.600e+01
-8.000e+01
-1.080e+02
-9.800e+01
-1.310e+02
-1.110e+02
-1.050e+02
-1.120e+02
-9.400e+01
-8.900e+01
-1.230e+02
-8.500e+01
-1.150e+02
-8.800e+01
-1.250e+02
-1.050e+02
-9.100e+01
-7.500e+01
-8.700e+01
-9.000e+01
-9.800e+01
-1.220e+02
-1.220e+02
-7.300e+01
-1.010e+02
-1.620e+02
-1.190e+02
-1.190e+02
-1.150e+02
-1.030e+02
-8.200e+01
-1.280e+02
-7.000e+01
-8.100e+01
-1.120e+02
-1.280e+02
-8.900e+01
-7.800e+01
-1.060e+02
-1.990e+02
-9.600e+01
-1.200e+02
-1.070e+02
-1.170e+02
-8.500e+01
-1.160e+02
-8.400e+01
-1.100e+02
-9.800e+01
-1.110e+02
-9.000e+01
-8.600e+01
-9.500e+01
-9.800e+01
-1.120e+02
-1.120e+02
-9.800e+01
-7.000e+01
-8.300e+01
-9.800e+01
-8.700e+01
-8.700e+01
-9.200e+01
-1.090e+02
-8.300e+01
-1.220e+02
-9.700e+01
-1.130e+02
-8.400e+01
-9.600e+01
-9.700e+01
-1.080e+02
-1.170e+02
-9.600e+01
-9.500e+01
-1.190e+02
-9.100e+01
-9.600e+01
-8.800e+01
-9.000e+01
-1.100e+02
-1.100e+02
-1.000e+02
-1.020e+02
-9.600e+01
-1.070e+02
-1.020e+02
-9.100e+01
-9.000e+01
-9.700e+01
-1.330e+02
-1.170e+02
-1.110e+02
-8.600e+01
-1.130e+02
-1.010e+02
-1.160e+02
-1.210e+02
-9.200e+01
-9.400e+01
-8.000e+01
-9.800e+01
-7.800e+01
-9.800e+01
-7.900e+01
-1.100e+02
-1.300e+02
-1.000e+02
-1.220e+02
-9.000e+01
-9.100e+01
-1.250e+02
-1.210e+02
-8.700e+01
-9.200e+01
-1.770e+02
-1.110e+02
-9.600e+01
-1.010e+02
-1.440e+02
-8.500e+01
-1.120e+02
-1.120e+02
-1.370e+02
-9.900e+01
-9.300e+01
-1.000e+02
-8.500e+01
-1.320e+02
-1.140e+02
-1.010e+02
-9.500e+01
-9.900e+01
-1.400e+02
-7.900e+01
-1.120e+02
-8.700e+01
-1.150e+02
-1.020e+02
-1.070e+02
-1.130e+02
-1.310e+02
-1.120e+02
-9.800e+01
-9.600e+01
-1.150e+02
-9.400e+01
-8.000e+01
-1.120e+02
-7.700e+01
-8.000e+01
-8.500e+01
-9.500e+01
-7.900e+01
-8.400e+01
-8.300e+01
-8.400e+01
-9.400e+01
-1.220e+02
-1.100e+02
-1.340e+02
-1.040e+02
-9.600e+01
-9.300e+01
-1.020e+02
-7.600e+01
-9.400e+01
-1.080e+02
-1.410e+02
-1.040e+02
-1.600e+02
-1.340e+02
-7.400e+01
-9.700e+01
-8.600e+01
-9.300e+01
-9.600e+01
-9.100e+01
-8.000e+01
-1.230e+02
-7.500e+01
-8.700e+01
-8.600e+01
-9.600e+01
-5.070e+02
-8.200e+01
-1.160e+02
-1.210e+02
-1.220e+02
-9.300e+01
-1.440e+02
-7.900e+01
-7.600e+01
-1.240e+02
-1.630e+02
-1.250e+02
-1.320e+02
-1.010e+02
-1.790e+02
-8.200e+01
-9.400e+01
-7.500e+01
-9.100e+01
-8.000e+01
-7.700e+01
-1.440e+02
-8.300e+01
-2.510e+02
-9.400e+01
-1.260e+02
-8.600e+01
-1.030e+02
-1.090e+02
-1.260e+02
-1.170e+02
-1.170e+02
-1.010e+02
-8.700e+01
-8.500e+01
-1.130e+02
-9.700e+01
-7.600e+01
-1.210e+02
-1.060e+02
-8.400e+01
-9.700e+01
-6.700e+01
-7.700e+01
-1.130e+02
-1.040e+02
-1.290e+02
-1.040e+02
-1.070e+02
-1.250e+02
-1.040e+02
-1.330e+02
-1.180e+02
-9.200e+01
-7.200e+01
-1.260e+02
-8.700e+01
-1.000e+02
-6.800e+01
-9.100e+01
-8.200e+01
-8.300e+01
-1.220e+02
-1.230e+02
-1.140e+02
-9.600e+01
-1.050e+02
-9.200e+01
-1.370e+02
-9.200e+01
-8.600e+01
-9.400e+01
-1.460e+02
-9.600e+01
-9.800e+01
-9.000e+01
-8.200e+01
-1.180e+02
-9.000e+01
-9.700e+01
-1.020e+02
-8.900e+01
-7.700e+01
-1.090e+02
-8.400e+01
-6.700e+01
-8.800e+01
-8.200e+01
-8.400e+01
-8.400e+01
-1.540e+02
-1.430e+02
-1.440e+02
-7.500e+01
-1.180e+02
-9.000e+01
-7.600e+01
-9.800e+01
-8.400e+01
-8.300e+01
-1.100e+02
-1.010e+02
-1.400e+02
-1.010e+02
-1.070e+02
-7.600e+01
-1.000e+02
-8.900e+01
-8.200e+01
-1.500e+02
-7.800e+01
-1.060e+02
-7.900e+01
-8.800e+01
-1.030e+02
-1.030e+02
-7.700e+01
-8.500e+01
-1.320e+02
-9.300e+01
-1.060e+02
-9.100e+01
-9.700e+01
-8.800e+01
-1.130e+02
-2.080e+02
-1.270e+02
-9.000e+01
-9.300e+01
-1.020e+02
-8.100e+01
-1.030e+02
-8.000e+01
-8.400e+01
-8.700e+01
-8.200e+01
-8.900e+01
-6.900e+01
-1.080e+02
-8.200e+01
-1.090e+02
-8.800e+01
-7.600e+01
-1.370e+02
-8.900e+01
-8.900e+01
-1.040e+02
-8.900e+01
-1.100e+02
-8.500e+01
-1.210e+02
-8.100e+01
-1.010e+02
-8.000e+01
-8.100e+01
-1.270e+02
-8.300e+01
-1.110e+02
-1.330e+02
-9.300e+01
-7.700e+01
-1.030e+02
-8.900e+01
-8.600e+01
-9.800e+01
-9.200e+01
-1.710e+02
-8.200e+01
-1.050e+02
-9.300e+01
-9.400e+01
-1.210e+02
-1.010e+02
-8.900e+01
-7.600e+01
-1.360e+02
-1.060e+02
-8.500e+01
-6.100e+01
-1.430e+02
-9.700e+01
-1.250e+02
-9.900e+01
-1.100e+02
-8.100e+01
-1.370e+02
-8.000e+01
-1.320e+02
-1.150e+02
-8.700e+01
-1.210e+02
-1.060e+02
-1.200e+02
-8.900e+01
-7.700e+01
-8.200e+01
-8.800e+01
-8.400e+01
-1.140e+02
-8.200e+01
-7.300e+01
-2.560e+02
-9.200e+01
-8.600e+01
-1.130e+02
-8.900e+01
-1.030e+02
-9.300e+01
-1.700e+02
-8.300e+01
-9.100e+01
-8.300e+01
-8.200e+01
-7.800e+01
-8.000e+01
-8.100e+01
-8.800e+01
-9.200e+01
-1.740e+02
-7.500e+01
-1.200e+02
-1.030e+02
-1.100e+02
-9.300e+01
-9.400e+01
-9.100e+01
-7.500e+01
-2.320e+02
-1.010e+02
-9.200e+01
-1.430e+02
-8.400e+01
-1.080e+02
-9.600e+01
-8.700e+01
-7.500e+01
-3.540e+02
-8.000e+01
-9.600e+01
-9.900e+01
-8.900e+01
-9.800e+01
-1.040e+02
-8.900e+01
-9.700e+01
-9.900e+01
-9.900e+01
-1.020e+02
-9.800e+01
-1.010e+02
-9.400e+01
-1.050e+02
-7.900e+01
-8.700e+01
-6.700e+01
-8.400e+01
-1.050e+02
-2.170e+02
-1.590e+02
-1.060e+02
-9.900e+01
-7.500e+01
-8.600e+01
-9.600e+01
-7.400e+01
-6.600e+01
-9.300e+01
-1.660e+02
-9.600e+01
-9.800e+01
-8.000e+01
-1.190e+02
-8.200e+01
-9.900e+01
-9.100e+01
-1.060e+02
-1.070e+02
-9.800e+01
-1.630e+02
-1.390e+02
-7.700e+01
-9.900e+01
-9.400e+01
-1.680e+02
-1.000e+02
-1.040e+02
-8.100e+01
-9.100e+01
-9.700e+01
-6.100e+01
-9.600e+01
-9.700e+01
-9.800e+01
-7.400e+01
-9.900e+01
-9.800e+01
-8.200e+01
-1.000e+02
-2.520e+02
-8.000e+01
-7.500e+01
-9.000e+01
-8.200e+01
-7.600e+01
-7.600e+01
-9.200e+01
-8.200e+01
-9.300e+01
-8.700e+01
-7.600e+01
-8.100e+01
-8.700e+01
-2.120e+02
-1.020e+02
-8.300e+01
-1.010e+02
-7.000e+01
-8.200e+01
-1.090e+02
-7.100e+01
-9.600e+01
-7.900e+01
-9.600e+01
-1.170e+02
-1.270e+02
-1.900e+02
-1.520e+02
-8.600e+01
-1.130e+02
-8.000e+01
-7.500e+01
-1.070e+02
-6.800e+01
-8.700e+01
-1.010e+02
-8.300e+01
-2.690e+02
-9.600e+01
-1.270e+02
-1.070e+02
-9.400e+01
-6.700e+01
-7.300e+01
-1.000e+02
-1.140e+02
-1.020e+02
-7.300e+01
-1.010e+02
-9.800e+01
-8.800e+01
-9.800e+01
-7.900e+01
-7.300e+01
-8.100e+01
-9.700e+01
-8.900e+01
-1.190e+02
-8.800e+01
-7.000e+01
-8.900e+01
-6.300e+01
-7.100e+01
-3.650e+02
-1.550e+02
-1.070e+02
-1.100e+02
-6.200e+01
-1.130e+02
-1.000e+02
-6.800e+01
-9.300e+01
-1.540e+02
-9.100e+01
-6.800e+01
-8.700e+01
-9.000e+01
-1.080e+02
-9.200e+01
-8.100e+01
-7.010e+02
-8.200e+01
-9.800e+01
-7.800e+01
-8.200e+01
-9.100e+01
-7.900e+01
-7.500e+01
-7.400e+01
-9.200e+01
-9.100e+01
-8.400e+01
-8.800e+01
-8.600e+01
-9.000e+01
-1.270e+02
-9.100e+01
-7.600e+01
-8.300e+01
-1.020e+02
-8.400e+01
-8.700e+01
-1.160e+02
-1.460e+02
-8.900e+01
-9.000e+01
-6.200e+01
-7.600e+01
-1.150e+02
-9.100e+01
-1.110e+02
-7.900e+01
-8.500e+01
-9.300e+01
-7.600e+01
-1.050e+02
-7.500e+01
-1.530e+02
-7.700e+01
-6.200e+01
-1.150e+02
-8.900e+01
-8.900e+01
-8.100e+01
-8.500e+01
-1.670e+02
-8.900e+01
-1.110e+02
-9.600e+01
-1.420e+02
-8.200e+01
-6.200e+01
-1.000e+02
-8.300e+01
-1.310e+02
-7.900e+01
-1.050e+02
-8.500e+01
-9.700e+01
-8.800e+01
-7.400e+01
-1.040e+02
-8.300e+01
-7.500e+01
-6.900e+01
-7.300e+01
-9.900e+01
-1.130e+02
-1.030e+02
-7.900e+01
-1.000e+02
-1.070e+02
-7.500e+01
-7.500e+01
-7.500e+01
-7.500e+01
-8.200e+01
-7.400e+01
-1.270e+02
-1.000e+02
-7.400e+01
-1.190e+02
-9.700e+01
-8.900e+01
-1.480e+02
-1.090e+02
-8.300e+01
-1.020e+02
-7.500e+01
-1.120e+02
-7.400e+01
-9.000e+01
-8.800e+01
-9.900e+01
-1.030e+02
-8.800e+01
-9.300e+01
-8.100e+01
-1.070e+02
-1.280e+02
-1.020e+02
-1.080e+02
-9.000e+01
-7.300e+01
-9.400e+01
-8.000e+01
-7.400e+01
-1.260e+02
-9.900e+01
-1.210e+02
-1.420e+02
-1.830e+02
-8.500e+01
-2.590e+02
-1.120e+02
-7.500e+01
-8.300e+01
-9.900e+01
-1.290e+02
-1.000e+02
-9.400e+01
-9.200e+01
-2.440e+02
-9.000e+01
-9.900e+01
-9.700e+01
-1.280e+02
-9.300e+01
-8.600e+01
-6.900e+01
-9.500e+01
-9.500e+01
-1.100e+02
-1.160e+02
-1.490e+02
-9.600e+01
-1.190e+02
-7.800e+01
-9.400e+01
-7.800e+01
-1.110e+02
-7.600e+01
-8.800e+01
-9.900e+01
-1.100e+02
-7.600e+01
-9.900e+01
-8.500e+01
-1.080e+02
-1.010e+02
-7.500e+01
-1.350e+02
-7.400e+01
-9.300e+01
-8.900e+01
-9.400e+01
-7.500e+01
-1.010e+02
-9.800e+01
-7.500e+01
-1.070e+02
-9.400e+01
-7.900e+01
-1.560e+02
-1.000e+02
-9.100e+01
-8.100e+01
-9.900e+01
-1.190e+02
-8.600e+01
-1.220e+02
-1.540e+02
-3.217e+03
-6.660e+02
-3.850e+02
-1.400e+02
-1.310e+02
-1.150e+02
-1.030e+02
-9.200e+01
-1.270e+02
-2.200e+02
-1.420e+02
-1.390e+02
-1.170e+02
-1.270e+02
-2.080e+02
-1.040e+02
-1.880e+02
-7.400e+01
-1.530e+02
-1.040e+02
-7.900e+01
-1.360e+02
-8.600e+01
-8.900e+01
-1.090e+02
-1.070e+02
