-7.630e+02
-1.369e+03
-3.458e+03
-1.208e+03
-8.220e+02
-8.760e+02
-1.547e+03
-1.180e+03
-8.030e+02
-1.154e+03
-1.373e+03
-1.895e+03
-1.416e+03
-1.015e+03
-7.920e+02
-2.068e+03
-7.090e+02
-7.730e+02
-8.070e+02
-1.627e+03
-9.460e+02
-9.470e+02
-8.000e+02
-6.110e+02
-9.390e+02
-1.878e+03
-5.730e+02
-5.370e+02
-1.197e+03
-5.120e+02
-5.840e+02
-1.026e+03
-5.260e+02
-7.570e+02
-1.080e+03
-1.206e+03
-7.750e+02
-1.224e+03
-7.940e+02
-3.980e+02
-6.210e+02
-6.310e+02
-6.680e+02
-1.094e+03
-4.900e+02
-8.430e+02
-6.690e+02
-4.130e+02
-7.670e+02
-6.900e+02
-5.940e+02
-6.150e+02
-4.650e+02
-4.100e+02
-3.780e+02
-7.870e+02
-4.850e+02
-1.336e+03
-1.105e+03
-6.560e+02
-5.900e+02
-6.390e+02
-5.790e+02
-4.190e+02
-1.169e+03
-2.880e+02
-3.960e+02
-2.860e+02
-5.380e+02
-4.840e+02
-5.370e+02
-8.860e+02
-3.720e+02
-3.420e+02
-4.010e+02
-6.280e+02
-3.360e+02
-3.930e+02
-5.300e+02
-4.380e+02
-4.190e+02
-3.400e+02
-7.320e+02
-3.670e+02
-6.300e+02
-3.090e+02
-5.940e+02
-2.400e+02
-2.790e+02
-5.430e+02
-6.240e+02
-3.980e+02
-4.660e+02
-3.000e+02
-3.360e+02
-2.610e+02
-3.350e+02
-4.810e+02
-6.080e+02
-4.320e+02
-4.220e+02
-2.070e+02
-4.740e+02
-4.340e+02
-6.730e+02
-3.330e+02
-4.790e+02
-3.660e+02
-3.800e+02
-6.170e+02
-4.720e+02
-4.820e+02
-3.120e+02
-5.160e+02
-4.580e+02
-4.000e+02
-3.160e+02
-3.260e+02
-5.010e+02
-3.260e+02
-4.470e+02
-3.630e+02
-2.970e+02
-3.170e+02
-5.680e+02
-6.210e+02
-3.600e+02
-3.350e+02
-1.810e+02
-3.860e+02
-3.080e+02
-3.810e+02
-4.340e+02
-4.880e+02
-3.300e+02
-2.680e+02
-3.450e+02
-5.440e+02
-2.490e+02
-3.740e+02
-1.840e+02
-3.450e+02
-3.550e+02
-3.210e+02
-5.800e+02
-3.800e+02
-2.990e+02
-3.230e+02
-2.930e+02
-3.660e+02
-3.530e+02
-3.750e+02
-3.700e+02
-4.020e+02
-3.960e+02
-1.890e+02
-3.290e+02
-3.470e+02
-3.290e+02
-4.000e+02
-3.710e+02
-4.980e+02
-1.380e+02
-4.060e+02
-3.070e+02
-3.000e+02
-2.670e+02
-3.750e+02
-2.560e+02
-3.960e+02
-2.800e+02
-3.140e+02
-5.050e+02
-5.340e+02
-2.560e+02
-2.180e+02
-2.960e+02
-3.550e+02
-2.470e+02
-3.450e+02
-3.030e+02
-3.560e+02
-1.930e+02
-1.960e+02
-2.650e+02
-2.980e+02
-3.620e+02
-2.620e+02
-3.350e+02
-3.600e+02
-6.150e+02
-2.280e+02
-2.820e+02
-3.520e+02
-2.850e+02
-2.460e+02
-2.960e+02
-2.950e+02
-3.800e+02
-2.700e+02
-3.180e+02
-2.480e+02
-2.710e+02
-3.200e+02
-2.350e+02
-2.160e+02
-2.720e+02
-3.410e+02
-3.250e+02
-3.230e+02
-2.190e+02
-2.910e+02
-2.320e+02
-4.270e+02
-2.420e+02
-2.350e+02
-2.970e+02
-2.310e+02
-2.970e+02
-2.390e+02
-2.950e+02
-3.610e+02
-2.340e+02
-2.700e+02
-3.020e+02
-3.290e+02
-3.560e+02
-1.720e+02
-3.070e+02
-2.060e+02
-3.420e+02
-2.730e+02
-2.650e+02
-3.780e+02
-3.220e+02
-1.610e+02
-2.530e+02
-2.990e+02
-4.080e+02
-2.150e+02
-4.020e+02
-3.280e+02
-2.600e+02
-1.530e+02
-3.390e+02
-2.580e+02
-3.140e+02
-2.770e+02
-2.220e+02
-2.710e+02
-4.510e+02
-3.390e+02
-2.080e+02
-1.890e+02
-4.250e+02
-3.080e+02
-2.230e+02
-6.120e+02
-3.340e+02
-1.910e+02
-1.510e+02
-3.160e+02
-2.660e+02
-3.720e+02
-2.340e+02
-2.530e+02
-3.570e+02
-2.000e+02
-2.430e+02
-2.920e+02
-3.590e+02
-1.880e+02
-3.690e+02
-3.060e+02
-2.370e+02
-1.980e+02
-2.590e+02
-1.530e+02
-2.680e+02
-2.700e+02
-2.720e+02
-2.450e+02
-2.820e+02
-3.490e+02
-3.440e+02
-2.950e+02
-3.230e+02
-1.970e+02
-1.840e+02
-2.460e+02
-2.960e+02
-3.130e+02
-2.260e+02
-2.610e+02
-1.600e+02
-2.450e+02
-6.030e+02
-1.440e+02
-2.190e+02
-1.850e+02
-3.530e+02
-2.900e+02
-3.710e+02
-1.960e+02
-2.460e+02
-3.090e+02
-2.320e+02
-3.630e+02
-3.410e+02
-2.730e+02
-1.560e+02
-2.930e+02
-3.180e+02
-1.860e+02
-2.490e+02
-2.150e+02
-2.380e+02
-2.500e+02
-2.890e+02
-1.940e+02
-1.970e+02
-1.860e+02
-1.760e+02
-2.030e+02
-2.460e+02
-3.330e+02
-1.480e+02
-1.650e+02
-3.030e+02
-1.870e+02
-2.110e+02
-1.960e+02
-2.260e+02
-1.740e+02
-2.850e+02
-2.240e+02
-2.390e+02
-2.750e+02
-2.330e+02
-3.070e+02
-1.380e+02
-3.180e+02
-1.900e+02
-1.780e+02
-2.270e+02
-2.290e+02
-1.600e+02
-2.740e+02
-2.590e+02
-2.830e+02
-2.050e+02
-3.100e+02
-2.300e+02
-2.170e+02
-1.980e+02
-1.760e+02
-2.570e+02
-3.400e+02
-1.980e+02
-1.760e+02
-1.300e+02
-1.980e+02
-1.830e+02
-2.970e+02
-1.810e+02
-1.550e+02
-2.780e+02
-3.250e+02
-2.240e+02
-2.450e+02
-2.900e+02
-2.460e+02
-1.740e+02
-2.710e+02
-2.560e+02
-2.460e+02
-1.720e+02
-2.290e+02
-1.140e+02
-2.330e+02
-2.230e+02
-2.120e+02
-1.790e+02
-1.720e+02
-2.490e+02
-2.530e+02
-2.240e+02
-1.950e+02
-7.260e+02
-1.730e+02
-3.490e+02
-3.220e+02
-2.310e+02
-2.230e+02
-1.760e+02
-2.430e+02
-2.750e+02
-2.030e+02
-2.080e+02
-3.240e+02
-2.530e+02
-2.180e+02
-1.970e+02
-1.890e+02
-2.510e+02
-1.980e+02
-2.070e+02
-2.310e+02
-2.450e+02
-2.200e+02
-2.140e+02
-2.120e+02
-2.400e+02
-2.640e+02
-3.460e+02
-2.120e+02
-2.920e+02
-2.290e+02
-2.120e+02
-1.800e+02
-3.060e+02
-3.650e+02
-2.330e+02
-1.890e+02
-1.850e+02
-1.900e+02
-8.020e+02
-1.840e+02
-1.420e+02
-2.580e+02
-2.210e+02
-1.370e+02
-3.290e+02
-2.200e+02
-2.210e+02
-1.880e+02
-1.420e+02
-1.980e+02
-2.500e+02
-3.550e+02
-1.570e+02
-3.140e+02
-1.830e+02
-2.340e+02
-1.940e+02
-1.490e+02
-1.890e+02
-1.670e+02
-2.530e+02
-1.790e+02
-1.810e+02
-1.800e+02
-2.440e+02
-1.620e+02
-2.650e+02
-1.840e+02
-1.390e+02
-2.710e+02
-2.140e+02
-2.230e+02
-1.960e+02
-2.010e+02
-2.400e+02
-2.050e+02
-2.190e+02
-2.420e+02
-1.870e+02
-1.540e+02
-1.470e+02
-2.180e+02
-2.370e+02
-1.800e+02
-2.050e+02
-2.060e+02
-2.300e+02
-1.830e+02
-2.160e+02
-1.980e+02
-2.480e+02
-1.850e+02
-2.390e+02
-2.010e+02
-1.780e+02
-2.170e+02
-2.190e+02
-3.310e+02
-2.540e+02
-1.650e+02
-1.990e+02
-1.630e+02
-1.600e+02
-1.600e+02
-1.870e+02
-1.310e+02
-1.420e+02
-2.340e+02
-2.090e+02
-2.200e+02
-1.920e+02
-2.000e+02
-2.080e+02
-1.810e+02
-3.000e+02
-1.670e+02
-1.630e+02
-2.160e+02
-2.010e+02
-1.560e+02
-1.240e+02
-2.120e+02
-3.360e+02
-2.060e+02
-2.090e+02
-1.930e+02
-2.230e+02
-1.780e+02
-1.760e+02
-1.910e+02
-1.490e+02
-1.610e+02
-2.130e+02
-1.570e+02
-1.930e+02
-1.950e+02
-2.030e+02
-2.070e+02
-2.690e+02
-1.580e+02
-2.200e+02
-1.320e+02
-1.790e+02
-2.780e+02
-2.970e+02
-1.720e+02
-2.190e+02
-1.700e+02
-1.550e+02
-1.300e+02
-3.770e+02
-2.010e+02
-1.520e+02
-1.960e+02
-1.800e+02
-2.910e+02
-1.360e+02
-1.460e+02
-1.810e+02
-1.660e+02
-1.280e+02
-1.960e+02
-1.740e+02
-1.400e+02
-1.950e+02
-2.300e+02
-1.730e+02
-2.430e+02
-1.640e+02
-2.120e+02
-1.790e+02
-2.110e+02
-1.840e+02
-1.620e+02
-1.850e+02
-1.320e+02
-1.780e+02
-1.710e+02
-1.650e+02
-1.990e+02
-1.400e+02
-1.710e+02
-1.290e+02
-1.170e+02
-1.730e+02
-1.560e+02
-2.210e+02
-2.530e+02
-2.230e+02
-1.750e+02
-1.810e+02
-2.120e+02
-1.520e+02
-1.600e+02
-1.730e+02
-1.560e+02
-1.150e+02
-1.620e+02
-2.040e+02
-1.300e+02
-2.100e+02
-1.450e+02
-2.110e+02
-1.730e+02
-2.320e+02
-2.030e+02
-1.750e+02
-2.030e+02
-2.550e+02
-1.750e+02
-1.660e+02
-2.440e+02
-1.310e+02
-1.280e+02
-2.040e+02
-1.290e+02
-1.420e+02
-1.650e+02
-1.660e+02
-2.360e+02
-1.510e+02
-1.210e+02
-1.320e+02
-1.770e+02
-1.580e+02
-1.820e+02
-1.580e+02
-1.740e+02
-1.870e+02
-1.680e+02
-1.630e+02
-2.160e+02
-1.140e+02
-1.470e+02
-1.360e+02
-2.160e+02
-1.760e+02
-1.920e+02
-1.680e+02
-2.270e+02
-2.460e+02
-1.880e+02
-2.180e+02
-1.820e+02
-2.250e+02
-1.630e+02
-1.760e+02
-2.050e+02
-1.520e+02
-1.560e+02
-1.500e+02
-8.600e+01
-1.680e+02
-1.110e+02
-1.790e+02
-1.770e+02
-1.980e+02
-1.420e+02
-1.230e+02
-1.740e+02
-2.010e+02
-1.910e+02
-1.300e+02
-2.140e+02
-2.300e+02
-1.640e+02
-1.570e+02
-1.720e+02
-1.720e+02
-1.900e+02
-1.520e+02
-1.690e+02
-1.700e+02
-1.300e+02
-1.260e+02
-2.520e+02
-1.490e+02
-2.620e+02
-1.330e+02
-1.880e+02
-1.670e+02
-2.260e+02
-1.640e+02
-1.690e+02
-1.760e+02
-1.510e+02
-2.020e+02
-2.330e+02
-1.650e+02
-1.400e+02
-1.920e+02
-1.790e+02
-1.680e+02
-2.010e+02
-1.550e+02
-1.840e+02
-1.430e+02
-1.660e+02
-1.800e+02
-1.880e+02
-1.580e+02
-1.550e+02
-2.120e+02
-1.870e+02
-1.210e+02
-1.880e+02
-1.460e+02
-1.890e+02
-1.390e+02
-1.780e+02
-1.990e+02
-1.160e+02
-1.720e+02
-1.830e+02
-1.320e+02
-1.710e+02
-1.820e+02
-2.180e+02
-2.180e+02
-2.180e+02
-1.510e+02
-1.630e+02
-1.460e+02
-1.700e+02
-2.280e+02
-1.320e+02
-1.820e+02
-1.720e+02
-2.080e+02
-1.960e+02
-1.210e+02
-1.470e+02
-1.950e+02
-1.490e+02
-1.790e+02
-1.970e+02
-1.700e+02
-1.790e+02
-1.930e+02
-1.540e+02
-6.070e+02
-1.280e+02
-1.880e+02
-1.040e+02
-1.580e+02
-1.540e+02
-1.830e+02
-1.630e+02
-1.740e+02
-1.710e+02
-1.900e+02
-1.210e+02
-1.570e+02
-2.130e+02
-1.090e+02
-1.820e+02
-1.600e+02
-2.010e+02
-1.640e+02
-1.610e+02
-1.470e+02
-1.430e+02
-1.360e+02
-1.120e+02
-1.960e+02
-1.460e+02
-1.610e+02
-1.490e+02
-1.930e+02
-1.900e+02
-1.720e+02
-1.840e+02
-1.480e+02
-1.130e+02
-1.740e+02
-1.080e+02
-2.500e+02
-1.330e+02
-1.630e+02
-1.610e+02
-2.050e+02
-2.230e+02
-1.630e+02
-1.510e+02
-1.480e+02
-2.320e+02
-2.300e+02
-1.420e+02
-1.000e+02
-2.070e+02
-1.640e+02
-1.470e+02
-1.480e+02
-1.790e+02
-1.770e+02
-1.110e+02
-2.200e+02
-1.180e+02
-1.570e+02
-1.260e+02
-1.520e+02
-1.560e+02
-1.670e+02
-1.480e+02
-1.430e+02
-1.420e+02
-1.440e+02
-1.630e+02
-1.120e+02
-2.340e+02
-1.730e+02
-1.500e+02
-1.460e+02
-1.720e+02
-1.830e+02
-1.440e+02
-1.650e+02
-9.260e+02
-1.420e+02
-1.620e+02
-1.430e+02
-1.710e+02
-2.120e+02
-1.710e+02
-1.770e+02
-1.160e+02
-1.900e+02
-1.540e+02
-1.370e+02
-1.700e+02
-1.580e+02
-2.070e+02
-1.650e+02
-1.540e+02
-2.080e+02
-1.210e+02
-1.540e+02
-1.720e+02
-2.500e+02
-1.350e+02
-1.140e+02
-1.920e+02
-2.250e+02
-1.200e+02
-2.200e+02
-2.110e+02
-1.320e+02
-1.380e+02
-1.840e+02
-1.660e+02
-1.690e+02
-1.620e+02
-1.500e+02
-1.320e+02
-3.230e+02
-1.850e+02
-1.280e+02
-1.380e+02
-1.250e+02
-1.850e+02
-1.260e+02
-1.130e+02
-1.690e+02
-9.500e+01
-1.660e+02
-1.390e+02
-1.550e+02
-1.570e+02
-1.050e+02
-1.700e+02
-1.890e+02
-1.440e+02
-1.650e+02
-1.110e+02
-1.380e+02
-1.860e+02
-1.160e+02
-1.390e+02
-1.400e+02
-1.880e+02
-1.370e+02
-2.420e+02
-1.660e+02
-1.420e+02
-1.360e+02
-1.460e+02
-1.430e+02
-1.340e+02
-1.400e+02
-1.050e+02
-1.340e+02
-2.170e+02
-1.820e+02
-1.460e+02
-1.440e+02
-2.110e+02
-1.600e+02
-2.080e+02
-1.630e+02
-2.040e+02
-2.000e+02
-1.390e+02
-1.640e+02
-1.150e+02
-1.780e+02
-1.700e+02
-1.260e+02
-1.460e+02
-1.660e+02
-1.640e+02
-1.380e+02
-1.190e+02
-1.500e+02
-1.390e+02
-2.050e+02
-1.070e+02
-1.260e+02
-1.700e+02
-1.910e+02
-1.140e+02
-1.700e+02
-1.740e+02
-1.410e+02
-1.490e+02
-1.390e+02
-1.870e+02
-1.700e+02
-1.830e+02
-1.250e+02
-1.620e+02
-1.570e+02
-1.660e+02
-1.460e+02
-1.580e+02
-1.420e+02
-1.320e+02
-1.480e+02
-1.430e+02
-6.340e+02
-2.020e+02
-1.500e+02
-1.190e+02
-1.430e+02
-1.230e+02
-1.400e+02
-1.370e+02
-1.370e+02
-1.020e+02
-1.050e+02
-1.620e+02
-2.260e+02
-1.820e+02
-9.100e+01
-1.980e+02
-1.710e+02
-1.830e+02
-1.480e+02
-1.250e+02
-1.120e+02
-1.380e+02
-1.620e+02
-1.570e+02
-1.190e+02
-1.580e+02
-1.770e+02
-1.620e+02
-1.210e+02
-1.930e+02
-1.180e+02
-1.330e+02
-1.240e+02
-1.820e+02
-1.500e+02
-1.380e+02
-2.980e+02
-1.350e+02
-1.560e+02
-1.600e+02
-1.230e+02
-1.190e+02
-1.890e+02
-1.450e+02
-1.160e+02
-1.320e+02
-1.200e+02
-1.030e+02
-1.280e+02
-1.220e+02
-1.200e+02
-1.150e+02
-1.400e+02
-1.090e+02
-1.610e+02
-1.600e+02
-1.090e+02
-1.200e+02
-1.760e+02
-1.380e+02
-1.380e+02
-1.520e+02
-1.980e+02
-1.130e+02
-1.170e+02
-9.600e+01
-1.540e+02
-1.190e+02
-1.750e+02
-1.330e+02
-1.620e+02
-1.490e+02
-2.020e+02
-1.710e+02
-1.510e+02
-1.240e+02
-2.020e+02
-1.590e+02
-1.810e+02
-1.280e+02
-1.080e+02
-9.500e+01
-1.760e+02
-1.400e+02
-1.020e+02
-1.360e+02
-1.300e+02
-9.500e+01
-1.190e+02
-1.260e+02
-1.100e+02
-1.430e+02
-1.950e+02
-1.160e+02
-1.100e+02
-1.640e+02
-1.570e+02
-1.220e+02
-1.380e+02
-1.650e+02
-1.170e+02
-1.760e+02
-1.110e+02
-1.900e+02
-1.360e+02
-1.420e+02
-1.160e+02
-1.150e+02
-1.500e+02
-1.350e+02
-1.980e+02
-1.680e+02
-1.250e+02
-1.030e+02
-1.210e+02
-1.150e+02
-1.440e+02
-1.210e+02
-1.180e+02
-1.440e+02
-1.350e+02
-1.720e+02
-2.640e+02
-9.900e+01
-1.730e+02
-1.460e+02
-1.520e+02
-1.330e+02
-1.120e+02
-9.700e+01
-1.040e+02
-1.000e+02
-9.300e+01
-1.470e+02
-1.180e+02
-1.440e+02
-1.310e+02
-1.400e+02
-1.190e+02
-1.120e+02
-1.410e+02
-1.460e+02
-1.130e+02
-1.790e+02
-1.640e+02
-1.510e+02
-1.170e+02
-1.920e+02
-1.290e+02
-1.240e+02
-1.080e+02
-2.400e+02
-1.340e+02
-1.270e+02
-1.030e+02
-1.230e+02
-1.150e+02
-1.410e+02
-2.250e+02
-1.120e+02
-1.640e+02
-1.180e+02
-1.420e+02
-1.130e+02
-1.390e+02
-1.490e+02
-1.390e+02
-1.190e+02
-1.380e+02
-1.740e+02
-1.750e+02
-1.180e+02
-1.510e+02
-2.100e+02
-1.240e+02
-1.510e+02
-1.710e+02
-2.040e+02
-1.290e+02
-1.660e+02
-1.570e+02
-1.260e+02
-1.040e+02
-1.440e+02
-1.400e+02
-1.170e+02
-1.190e+02
-1.210e+02
-1.610e+02
-2.110e+02
-1.080e+02
-1.050e+02
-1.270e+02
-1.110e+02
-1.290e+02
-1.260e+02
-1.120e+02
-1.340e+02
-9.800e+01
-1.560e+02
-1.590e+02
-1.470e+02
-1.260e+02
-1.470e+02
-1.150e+02
-1.940e+02
-1.130e+02
-1.660e+02
-1.360e+02
-1.710e+02
-1.420e+02
-1.900e+02
-1.410e+02
-1.470e+02
-1.430e+02
-1.330e+02
-1.720e+02
-2.180e+02
-1.260e+02
-1.570e+02
-1.720e+02
-1.130e+02
-1.140e+02
-1.250e+02
-1.760e+02
-1.180e+02
-1.300e+02
-1.230e+02
-1.320e+02
-1.050e+02
-1.060e+02
-1.410e+02
-1.330e+02
-1.450e+02
-1.530e+02
-2.040e+02
-1.140e+02
-9.800e+01
-1.720e+02
-1.620e+02
-1.370e+02
-1.440e+02
-9.800e+01
-1.300e+02
-1.060e+02
-1.400e+02
-1.060e+02
-1.440e+02
-1.530e+02
-1.490e+02
-1.380e+02
-1.180e+02
-9.200e+01
-8.900e+01
-1.030e+02
-2.100e+02
-2.180e+02
-1.130e+02
-1.480e+02
-2.020e+02
-8.800e+01
-1.470e+02
-1.290e+02
-1.230e+02
-1.790e+02
-2.120e+02
-1.250e+02
-1.390e+02
-1.220e+02
-8.400e+01
-1.060e+02
-1.360e+02
-1.100e+02
-1.140e+02
-1.790e+02
-9.800e+01
-1.310e+02
-9.700e+01
-1.440e+02
-9.100e+01
-1.660e+02
-1.590e+02
-1.450e+02
-1.160e+02
-1.160e+02
-1.250e+02
-1.310e+02
-1.150e+02
-1.190e+02
-1.310e+02
-1.420e+02
-1.010e+02
-9.900e+01
-1.840e+02
-1.280e+02
-1.250e+02
-1.310e+02
-1.380e+02
-1.290e+02
-1.810e+02
-1.420e+02
-1.210e+02
-1.200e+02
-9.900e+01
-1.230e+02
-1.550e+02
-1.390e+02
-1.890e+02
-1.060e+02
-1.090e+02
-9.700e+01
-1.400e+02
-1.580e+02
-1.320e+02
-1.050e+02
-1.310e+02
-1.450e+02
-1.450e+02
-1.270e+02
-1.200e+02
-1.400e+02
-9.100e+01
-9.300e+01
-1.030e+02
-1.130e+02
-1.070e+02
-1.330e+02
-1.140e+02
-1.080e+02
-1.850e+02
-1.360e+02
-1.120e+02
-1.380e+02
-1.440e+02
-1.610e+02
-1.200e+02
-1.500e+02
-1.330e+02
-1.110e+02
-1.250e+02
-1.910e+02
-1.440e+02
-1.550e+02
-1.190e+02
-1.110e+02
-1.360e+02
-1.310e+02
-1.190e+02
-1.490e+02
-1.430e+02
-1.060e+02
-1.270e+02
-1.020e+02
-1.300e+02
-1.430e+02
-1.400e+02
-1.950e+02
-1.440e+02
-1.300e+02
-1.200e+02
-1.230e+02
-9.500e+01
-1.420e+02
-1.500e+02
-1.190e+02
-8.900e+01
-1.500e+02
-1.360e+02
-1.250e+02
-1.570e+02
-1.400e+02
-1.070e+02
-1.540e+02
-1.040e+02
-1.100e+02
-1.310e+02
-9.000e+01
-1.290e+02
-1.710e+02
-1.040e+02
-1.180e+02
-1.030e+02
-9.700e+01
-1.020e+02
-1.290e+02
-1.370e+02
-1.460e+02
-1.120e+02
-1.240e+02
-1.370e+02
-9.600e+01
-1.600e+02
-1.220e+02
-1.530e+02
-1.140e+02
-1.600e+02
-1.420e+02
-1.090e+02
-1.590e+02
-1.240e+02
-1.610e+02
-1.190e+02
-1.120e+02
-1.000e+02
-1.550e+02
-1.810e+02
-1.250e+02
-1.130e+02
-1.280e+02
-1.470e+02
-8.500e+01
-1.000e+02
-9.100e+01
-1.040e+02
-1.700e+02
-1.230e+02
-1.430e+02
-1.470e+02
-9.900e+01
-1.080e+02
-1.390e+02
-1.260e+02
-1.000e+02
-8.100e+01
-1.030e+02
-1.010e+02
-8.700e+01
-1.110e+02
-1.250e+02
-1.650e+02
-1.560e+02
-9.500e+01
-1.400e+02
-1.160e+02
-1.070e+02
-1.030e+02
-1.000e+02
-1.080e+02
-1.300e+02
-8.200e+01
-1.420e+02
-1.440e+02
-1.360e+02
-9.900e+01
-1.350e+02
-1.040e+02
-9.700e+01
-1.680e+02
-9.800e+01
-1.320e+02
-1.190e+02
-1.280e+02
-2.570e+02
-9.700e+01
-1.230e+02
-1.400e+02
-1.430e+02
-1.000e+02
-9.400e+01
-2.440e+02
-9.600e+01
-9.800e+01
-1.340e+02
-8.700e+01
-1.280e+02
-1.290e+02
-2.140e+02
-1.320e+02
-1.450e+02
-1.360e+02
-1.480e+02
-1.170e+02
-1.230e+02
-1.170e+02
-1.400e+02
-1.140e+02
-9.800e+01
-1.060e+02
-1.370e+02
-1.170e+02
-1.500e+02
-1.100e+02
-1.710e+02
-9.800e+01
-1.420e+02
-1.060e+02
-9.700e+01
-9.900e+01
-1.550e+02
-1.450e+02
-1.790e+02
-7.500e+01
-1.500e+02
-9.600e+01
-1.250e+02
-1.060e+02
-1.550e+02
-1.440e+02
-1.440e+02
-9.400e+01
-1.590e+02
-1.430e+02
-1.220e+02
-1.660e+02
-1.470e+02
-1.420e+02
-9.600e+01
-1.440e+02
-9.100e+01
-1.510e+02
-1.110e+02
-1.160e+02
-9.600e+01
-8.500e+01
-1.020e+02
-8.200e+01
-1.320e+02
-1.380e+02
-1.240e+02
-1.080e+02
-9.900e+01
-9.800e+01
-3.410e+02
-1.370e+02
-8.300e+01
-1.740e+02
-1.050e+02
-1.360e+02
-1.100e+02
-9.000e+01
-1.220e+02
-1.010e+02
-1.220e+02
-1.290e+02
-1.310e+02
-1.070e+02
-1.260e+02
-1.260e+02
-1.040e+02
-1.160e+02
-1.110e+02
-1.450e+02
-1.080e+02
-1.020e+02
-1.350e+02
-9.300e+01
-1.090e+02
-1.130e+02
-1.330e+02
-1.040e+02
-1.000e+02
-1.330e+02
-9.600e+01
-1.040e+02
-1.060e+02
-1.040e+02
-1.130e+02
-9.700e+01
-8.500e+01
-8.300e+01
-1.060e+02
-1.220e+02
-1.180e+02
-1.430e+02
-1.340e+02
-1.240e+02
-1.220e+02
-1.150e+02
-9.200e+01
-1.350e+02
-1.260e+02
-9.100e+01
-1.640e+02
-1.310e+02
-9.400e+01
-1.360e+02
-1.360e+02
-1.620e+02
-1.160e+02
-1.620e+02
-9.900e+01
-1.470e+02
-9.200e+01
-9.900e+01
-1.000e+02
-1.300e+02
-1.250e+02
-1.250e+02
-9.900e+01
-1.330e+02
-9.900e+01
-1.410e+02
-1.110e+02
-9.400e+01
-1.140e+02
-1.270e+02
-1.400e+02
-8.500e+01
-1.330e+02
-1.450e+02
-8.800e+01
-1.740e+02
-1.210e+02
-1.330e+02
-1.110e+02
-1.010e+02
-1.420e+02
-8.500e+01
-1.280e+02
-9.300e+01
-1.260e+02
-1.050e+02
-1.130e+02
-9.200e+01
-8.200e+01
-1.490e+02
-1.260e+02
-1.030e+02
-1.030e+02
-1.080e+02
-1.460e+02
-2.070e+02
-8.900e+01
-1.030e+02
-1.070e+02
-1.830e+02
-1.290e+02
-9.600e+01
-1.950e+02
-3.520e+02
-1.300e+02
-9.600e+01
-1.050e+02
-1.150e+02
-1.350e+02
-1.190e+02
-1.410e+02
-1.020e+02
-1.060e+02
-8.900e+01
-1.030e+02
-9.000e+01
-1.020e+02
-1.090e+02
-1.170e+02
-1.250e+02
-1.250e+02
-1.160e+02
-1.170e+02
-1.130e+02
-8.800e+01
-7.500e+01
-7.700e+01
-9.600e+01
-8.900e+01
-1.000e+02
-1.370e+02
-1.240e+02
-1.470e+02
-7.500e+01
-1.000e+02
-1.000e+02
-1.400e+02
-8.500e+01
-1.080e+02
-1.630e+02
-1.020e+02
-8.400e+01
-9.300e+01
-1.630e+02
-1.150e+02
-1.120e+02
-8.800e+01
-1.290e+02
-1.220e+02
-9.000e+01
-8.200e+01
-7.600e+01
-1.250e+02
-1.040e+02
-1.460e+02
-1.160e+02
-9.400e+01
-1.750e+02
-1.090e+02
-1.230e+02
-8.900e+01
-1.020e+02
-1.330e+02
-9.400e+01
-9.600e+01
-1.150e+02
-1.070e+02
-1.000e+02
-9.300e+01
-1.220e+02
-1.350e+02
-1.000e+02
-1.220e+02
-1.160e+02
-1.100e+02
-1.200e+02
-1.290e+02
-1.370e+02
-1.120e+02
-1.650e+02
-1.160e+02
-1.560e+02
-1.240e+02
-1.200e+02
-1.200e+02
-1.540e+02
-1.050e+02
-1.420e+02
-1.190e+02
-1.320e+02
-1.180e+02
-1.400e+02
-9.000e+01
-1.310e+02
-1.260e+02
-9.600e+01
-1.280e+02
-8.300e+01
-1.370e+02
-1.350e+02
-8.500e+01
-1.040e+02
-8.500e+01
-1.360e+02
-1.090e+02
-1.270e+02
-1.040e+02
-1.450e+02
-1.100e+02
-9.000e+01
-9.900e+01
-7.400e+01
-9.400e+01
-8.600e+01
-1.150e+02
-1.240e+02
-1.450e+02
-1.050e+02
-8.800e+01
-1.010e+02
-1.420e+02
-8.900e+01
-7.600e+01
-1.300e+02
-1.080e+02
-1.220e+02
-7.700e+01
-9.100e+01
-1.050e+02
-1.190e+02
-8.800e+01
-9.300e+01
-8.700e+01
-9.200e+01
-1.110e+02
-1.150e+02
-1.080e+02
-9.800e+01
-7.900e+01
-9.000e+01
-1.264e+03
-1.040e+02
-1.230e+02
-9.700e+01
-1.620e+02
-9.800e+01
-9.000e+01
-1.070e+02
-1.280e+02
-1.050e+02
-1.030e+02
-1.150e+02
-4.330e+02
-1.210e+02
-1.280e+02
-9.600e+01
-1.270e+02
-1.050e+02
-1.440e+02
-9.000e+01
-1.060e+02
-1.070e+02
-9.100e+01
-1.260e+02
-1.040e+02
-1.300e+02
-8.800e+01
-1.330e+02
-1.180e+02
-9.400e+01
-1.160e+02
-9.800e+01
-8.600e+01
-1.800e+02
-1.130e+02
-9.700e+01
-1.440e+02
-1.020e+02
-1.230e+02
-1.360e+02
-1.760e+02
-1.330e+02
-9.700e+01
-1.020e+02
-1.280e+02
-1.940e+02
-1.310e+02
-1.050e+02
-1.040e+02
-1.120e+02
-1.240e+02
-1.210e+02
-1.500e+02
-1.310e+02
-1.880e+02
-1.210e+02
-1.050e+02
-1.420e+02
-9.500e+01
-7.700e+01
-1.630e+02
-1.600e+02
-9.400e+01
-8.200e+01
-8.300e+01
-1.190e+02
-9.700e+01
-1.080e+02
-9.400e+01
-9.000e+01
-1.510e+02
-1.630e+02
-8.500e+01
-1.220e+02
-1.230e+02
-1.560e+02
-1.420e+02
-1.390e+02
-1.020e+02
-9.900e+01
-1.390e+02
-9.400e+01
-1.460e+02
-8.900e+01
-8.600e+01
-1.710e+02
-1.030e+02
-1.500e+02
-1.020e+02
-1.030e+02
-1.530e+02
-1.250e+02
-1.100e+02
-1.130e+02
-1.320e+02
-1.270e+02
-9.600e+01
-1.280e+02
-1.130e+02
-1.090e+02
-1.800e+02
-1.140e+02
-1.140e+02
-8.700e+01
-1.180e+02
-9.600e+01
-8.800e+01
-1.480e+02
-1.830e+02
-1.050e+02
-1.150e+02
-1.450e+02
-1.260e+02
-1.140e+02
-7.000e+01
-1.270e+02
-8.900e+01
-9.800e+01
-1.040e+02
-1.380e+02
-9.300e+01
-2.000e+02
-1.130e+02
-9.000e+01
-1.080e+02
-1.280e+02
-9.200e+01
-1.510e+02
-9.700e+01
-1.120e+02
-1.180e+02
-1.080e+02
-9.000e+01
-1.030e+02
-1.040e+02
-8.900e+01
-9.200e+01
-1.360e+02
-1.030e+02
-1.050e+02
-1.160e+02
-1.700e+02
-1.040e+02
-7.400e+01
-1.010e+02
-9.800e+01
-1.070e+02
-3.640e+02
-1.950e+02
-8.900e+01
-1.150e+02
-1.000e+02
-9.700e+01
-9.300e+01
-1.150e+02
-8.300e+01
-1.130e+02
-9.200e+01
-9.900e+01
-8.900e+01
-1.050e+02
-1.230e+02
-9.500e+01
-1.130e+02
-1.280e+02
-1.180e+02
-1.200e+02
-1.120e+02
-1.270e+02
-1.120e+02
-7.900e+01
-9.000e+01
-1.020e+02
-9.700e+01
-8.600e+01
-3.550e+02
-1.150e+02
-1.100e+02
-1.000e+02
-9.200e+01
-8.500e+01
-9.300e+01
-1.510e+02
-1.220e+02
-1.100e+02
-9.000e+01
-1.060e+02
-1.040e+02
-8.800e+01
-9.700e+01
-1.070e+02
-8.400e+01
-1.020e+02
-1.180e+02
-2.770e+02
-9.000e+01
-9.200e+01
-9.000e+01
-7.700e+01
-9.100e+01
-1.020e+02
-1.590e+02
-4.200e+02
-9.000e+01
-1.380e+02
-8.500e+01
-1.240e+02
-1.380e+02
-9.100e+01
-1.140e+02
-8.200e+01
-9.000e+01
-9.300e+01
-1.330e+02
-1.230e+02
-9.200e+01
-1.440e+02
-9.100e+01
-1.210e+02
-1.060e+02
-1.070e+02
-1.100e+02
-1.330e+02
-9.100e+01
-9.100e+01
-1.680e+02
-1.020e+02
-8.900e+01
-1.120e+02
-8.600e+01
-1.190e+02
-1.150e+02
-1.120e+02
-1.190e+02
-9.600e+01
-7.800e+01
-1.170e+02
-8.000e+01
-8.700e+01
-9.900e+01
-9.900e+01
-3.260e+02
-1.240e+02
-9.400e+01
-9.600e+01
-9.100e+01
-1.190e+02
-9.600e+01
-1.030e+02
-9.000e+01
-8.100e+01
-9.800e+01
-1.050e+02
-9.200e+01
-1.130e+02
-1.190e+02
-1.100e+02
-8.900e+01
-9.400e+01
-9.800e+01
-8.900e+01
-8.300e+01
-1.340e+02
-1.120e+02
-1.290e+02
-1.310e+02
-1.430e+02
-1.180e+02
-7.000e+01
-7.290e+02
-9.300e+01
-9.700e+01
-9.300e+01
-1.200e+02
-1.320e+02
-1.180e+02
-1.030e+02
-7.500e+01
-1.320e+02
-1.170e+02
-7.700e+01
-1.160e+02
-1.100e+02
-1.070e+02
-7.600e+01
-9.500e+01
-1.400e+02
-1.200e+02
-8.300e+01
-8.100e+01
-1.140e+02
-9.400e+01
-1.230e+02
-9.800e+01
-6.900e+01
-9.800e+01
-9.800e+01
-1.180e+02
-2.160e+02
-1.930e+02
-1.080e+02
-1.370e+02
-9.600e+01
-1.700e+02
-9.800e+01
-8.800e+01
-8.300e+01
-1.400e+02
-9.200e+01
-1.500e+02
-1.060e+02
-1.060e+02
-9.900e+01
-1.190e+02
-7.800e+01
-8.900e+01
-9.600e+01
-6.400e+01
-1.450e+02
-1.500e+02
-8.900e+01
-8.500e+01
-7.500e+01
-7.600e+01
-1.160e+02
-7.400e+01
-1.100e+02
-6.900e+01
-1.010e+02
-8.200e+01
-1.400e+02
-1.190e+02
-1.040e+02
-1.020e+02
-9.800e+01
-6.900e+01
-1.080e+02
-1.150e+02
-1.000e+02
-1.260e+02
-1.050e+02
-1.050e+02
-1.170e+02
-9.500e+01
-1.360e+02
-1.270e+02
-9.900e+01
-8.300e+01
-1.010e+02
-8.100e+01
-8.300e+01
-1.090e+02
-9.900e+01
-1.140e+02
-8.900e+01
-9.000e+01
-1.030e+02
-1.090e+02
-1.040e+02
-1.170e+02
-1.070e+02
-1.070e+02
-8.500e+01
-9.500e+01
-9.900e+01
-1.380e+02
-1.030e+02
-1.010e+02
-8.500e+01
-1.020e+02
-1.180e+02
-1.140e+02
-1.070e+02
-1.010e+02
-1.110e+02
-1.520e+02
-1.240e+02
-1.370e+02
-1.040e+02
-2.350e+02
-1.090e+02
-8.400e+01
-9.400e+01
-8.300e+01
-1.070e+02
-1.080e+02
-8.500e+01
-9.500e+01
-8.600e+01
-9.200e+01
-9.300e+01
-1.080e+02
-1.130e+02
-1.150e+02
-7.700e+01
-1.430e+02
-9.500e+01
-9.200e+01
-1.130e+02
-9.900e+01
-1.180e+02
-1.180e+02
-9.600e+01
-7.000e+01
-8.700e+01
-9.900e+01
-8.600e+01
-8.800e+01
-1.530e+02
-1.090e+02
-9.700e+01
-8.700e+01
-9.900e+01
-8.100e+01
-1.230e+02
-1.070e+02
-1.630e+02
-9.000e+01
-7.600e+01
-8.900e+01
-9.600e+01
-7.600e+01
-7.600e+01
-1.360e+02
-9.400e+01
-9.200e+01
-1.590e+02
-9.300e+01
-2.950e+02
-8.700e+01
-1.440e+02
-1.030e+02
-9.800e+01
-1.080e+02
-9.200e+01
-1.230e+02
-1.160e+02
-9.000e+01
-1.040e+02
-8.200e+01
-1.110e+02
-8.100e+01
-7.900e+01
-1.050e+02
-8.000e+01
-1.140e+02
-9.400e+01
-7.700e+01
-1.070e+02
-9.200e+01
-1.020e+02
-1.490e+02
-9.900e+01
-1.020e+02
-8.400e+01
-1.320e+02
-8.700e+01
-8.300e+01
-8.800e+01
-1.140e+02
-1.090e+02
-1.030e+02
-9.500e+01
-8.500e+01
-9.000e+01
-8.200e+01
-1.110e+02
-7.900e+01
-1.080e+02
-1.180e+02
-9.200e+01
-1.040e+02
-8.300e+01
-8.800e+01
-8.100e+01
-8.900e+01
-1.120e+02
-8.600e+01
-8.700e+01
-8.800e+01
-8.900e+01
-9.200e+01
-7.000e+01
-1.030e+02
-9.900e+01
-1.040e+02
-8.700e+01
-1.040e+02
-1.790e+02
-9.000e+01
-9.900e+01
-9.400e+01
-1.070e+02
-1.000e+02
-8.800e+01
-8.900e+01
-1.290e+02
-9.700e+01
-9.300e+01
-1.140e+02
-1.090e+02
-1.170e+02
-2.310e+02
-1.150e+02
-9.000e+01
-8.800e+01
-9.700e+01
-9.600e+01
-1.310e+02
-8.900e+01
-1.030e+02
-7.600e+01
-1.190e+02
-1.170e+02
-8.400e+01
-9.400e+01
-9.700e+01
-9.200e+01
-1.860e+02
-8.600e+01
-1.360e+02
-1.040e+02
-8.300e+01
-1.060e+02
-1.060e+02
-1.190e+02
-1.300e+02
-1.040e+02
-9.700e+01
-1.000e+02
-1.650e+02
-1.530e+02
-1.020e+02
-9.900e+01
-7.100e+01
-1.020e+02
-1.010e+02
-8.500e+01
-7.500e+01
-8.800e+01
-7.700e+01
-1.090e+02
-8.900e+01
-1.100e+02
-1.040e+02
-8.600e+01
-1.130e+02
-9.400e+01
-9.000e+01
-9.300e+01
-1.530e+02
-9.500e+01
-6.900e+01
-7.600e+01
-7.600e+01
-9.200e+01
-9.900e+01
-8.300e+01
-1.010e+02
-9.200e+01
-1.330e+02
-1.050e+02
-8.500e+01
-9.800e+01
-1.170e+02
-8.900e+01
-8.500e+01
-1.600e+02
-1.310e+02
-1.080e+02
-8.500e+01
-1.090e+02
-1.080e+02
-1.020e+02
-1.000e+02
-9.200e+01
-1.100e+02
-1.070e+02
-8.000e+01
-9.800e+01
-1.130e+02
-1.000e+02
-1.790e+02
-7.900e+01
-8.000e+01
-9.100e+01
-8.900e+01
-2.040e+02
-8.800e+01
-7.800e+01
-6.100e+01
-1.040e+02
-9.900e+01
-1.260e+02
-6.800e+01
-1.130e+02
-8.300e+01
-8.900e+01
-8.600e+01
-1.100e+02
-7.000e+01
-6.800e+01
-8.900e+01
-7.100e+01
-1.160e+02
-1.000e+02
-1.080e+02
-9.100e+01
-7.600e+01
-1.270e+02
-1.080e+02
-1.110e+02
-9.300e+01
-1.240e+02
-9.400e+01
-1.010e+02
-9.100e+01
-1.530e+02
-1.090e+02
-6.900e+01
-9.300e+01
-1.140e+02
-1.020e+02
-8.700e+01
-1.050e+02
-9.500e+01
-7.900e+01
-9.300e+01
-9.400e+01
-1.600e+02
-1.070e+02
-1.010e+02
-1.060e+02
-7.700e+01
-1.130e+02
-8.200e+01
-6.800e+01
-1.040e+02
-1.180e+02
-9.100e+01
-6.200e+01
-9.200e+01
-9.500e+01
-9.000e+01
-8.700e+01
-1.020e+02
-8.300e+01
-1.100e+02
-7.300e+01
-1.290e+02
-1.000e+02
-1.070e+02
-1.000e+02
-1.090e+02
-9.200e+01
-2.550e+02
-1.180e+02
-1.290e+02
-1.090e+02
-6.300e+01
-1.200e+02
-1.140e+02
-1.040e+02
-7.600e+01
-1.200e+02
-1.120e+02
-8.400e+01
-1.220e+02
-9.900e+01
-2.000e+02
-7.800e+01
-8.600e+01
-1.040e+02
-8.400e+01
-1.120e+02
-8.700e+01
-7.200e+01
-1.090e+02
-8.900e+01
-8.400e+01
-8.800e+01
-8.700e+01
-7.500e+01
-9.000e+01
-9.300e+01
-6.300e+01
-1.780e+02
-9.000e+01
-8.600e+01
-1.340e+02
-8.100e+01
-8.700e+01
-9.100e+01
-1.380e+02
-9.900e+01
-7.000e+01
-9.900e+01
-9.900e+01
-7.500e+01
-8.400e+01
-9.200e+01
-9.700e+01
-8.100e+01
-6.000e+01
-1.190e+02
-9.800e+01
-6.400e+01
-8.400e+01
-8.300e+01
-1.020e+02
-8.400e+01
-1.100e+02
-9.700e+01
-1.000e+02
-8.400e+01
-7.500e+01
-8.800e+01
-8.400e+01
-1.220e+02
-8.700e+01
-8.800e+01
-8.200e+01
-8.700e+01
-8.100e+01
-7.800e+01
-8.600e+01
-8.800e+01
-9.600e+01
-7.600e+01
-1.240e+02
-1.100e+02
-9.700e+01
-1.090e+02
-8.300e+01
-8.700e+01
-8.100e+01
-1.390e+02
-8.400e+01
-9.600e+01
-9.100e+01
-9.400e+01
-6.200e+01
-8.100e+01
-1.000e+02
-1.020e+02
-9.200e+01
-1.210e+02
-9.800e+01
-1.140e+02
-9.400e+01
-9.600e+01
-1.260e+02
-1.160e+02
-1.400e+02
-9.900e+01
-8.100e+01
-8.600e+01
-1.050e+02
-9.500e+01
-9.400e+01
-1.370e+02
-8.900e+01
-1.300e+02
-1.040e+02
-8.600e+01
-1.190e+02
-1.050e+02
-6.300e+01
-1.060e+02
-1.060e+02
-1.170e+02
-9.200e+01
-1.140e+02
-1.100e+02
-8.400e+01
-7.700e+01
-8.400e+01
-9.500e+01
-8.400e+01
-8.400e+01
-1.060e+02
-1.360e+02
-8.900e+01
-9.000e+01
-9.900e+01
-1.050e+02
-7.800e+01
-9.800e+01
-1.060e+02
-9.500e+01
-8.300e+01
-8.600e+01
-9.600e+01
-8.700e+01
-8.400e+01
-9.800e+01
-1.080e+02
-7.200e+01
-8.400e+01
-9.200e+01
-8.900e+01
-8.800e+01
-1.060e+02
-8.200e+01
-1.110e+02
-6.300e+01
-1.040e+02
-8.800e+01
-9.000e+01
-8.900e+01
-1.220e+02
-1.090e+02
-7.300e+01
-9.200e+01
-6.700e+01
-1.140e+02
-8.500e+01
-1.400e+02
-7.700e+01
-8.500e+01
-7.900e+01
-1.030e+02
-9.100e+01
-1.280e+02
-9.700e+01
-8.200e+01
-8.300e+01
-1.400e+02
-7.500e+01
-8.900e+01
-1.040e+02
-7.400e+01
-1.000e+02
-7.800e+01
-9.000e+01
-9.500e+01
-8.700e+01
-1.130e+02
-8.500e+01
-7.600e+01
-8.300e+01
-8.000e+01
-9.500e+01
-8.300e+01
-7.500e+01
-7.600e+01
-9.800e+01
-7.100e+01
-7.600e+01
-7.800e+01
-1.010e+02
-9.300e+01
-9.200e+01
-7.500e+01
-9.900e+01
-1.300e+02
-9.300e+01
-1.070e+02
-1.010e+02
-8.200e+01
-6.900e+01
-9.200e+01
-1.270e+02
-1.030e+02
-1.050e+02
-1.080e+02
-6.800e+01
-6.900e+01
-1.030e+02
-6.300e+01
-9.900e+01
-9.700e+01
-8.900e+01
-8.700e+01
-1.390e+02
-1.120e+02
-1.230e+02
-1.060e+02
-9.500e+01
-7.700e+01
-1.180e+02
-9.200e+01
-9.800e+01
-8.200e+01
-8.000e+01
-1.030e+02
-7.000e+01
-6.900e+01
-8.600e+01
-9.200e+01
-9.600e+01
-9.300e+01
-1.320e+02
-6.200e+01
-6.100e+01
-9.800e+01
-8.400e+01
-1.210e+02
-7.600e+01
-9.200e+01
-7.800e+01
-1.090e+02
-1.230e+02
-9.500e+01
-7.700e+01
-8.300e+01
-1.070e+02
-8.600e+01
-9.900e+01
-9.800e+01
-8.300e+01
-6.200e+01
-9.400e+01
-7.700e+01
-1.010e+02
-7.600e+01
-9.900e+01
-6.300e+01
-7.700e+01
-7.600e+01
-7.500e+01
-5.900e+01
-8.800e+01
-6.300e+01
-8.100e+01
-1.060e+02
-9.500e+01
-1.180e+02
-6.600e+01
-9.300e+01
-6.300e+01
-8.200e+01
-8.000e+01
-1.260e+02
-8.800e+01
-6.200e+01
-6.200e+01
-1.230e+02
-8.000e+01
-1.040e+02
-1.100e+02
-6.800e+01
-8.900e+01
-9.600e+01
-7.000e+01
-8.100e+01
-9.200e+01
-8.700e+01
-8.600e+01
-8.900e+01
-7.600e+01
-1.280e+02
-1.350e+02
-6.200e+01
-1.430e+02
-1.020e+02
-1.130e+02
-6.900e+01
-1.060e+02
-9.300e+01
-7.500e+01
-6.900e+01
-7.600e+01
-1.130e+02
-7.900e+01
-6.700e+01
-7.600e+01
-6.200e+01
-9.800e+01
-8.200e+01
-8.000e+01
-7.500e+01
-9.000e+01
-1.010e+02
-8.500e+01
-8.500e+01
-8.500e+01
-9.400e+01
-1.070e+02
-8.700e+01
-7.500e+01
-7.700e+01
-9.600e+01
-1.040e+02
-8.600e+01
-1.050e+02
-6.200e+01
-1.130e+02
-8.100e+01
-8.100e+01
-7.500e+01
-7.500e+01
-7.600e+01
-9.300e+01
-9.000e+01
-1.490e+02
-8.600e+01
-1.110e+02
-8.300e+01
-8.700e+01
-6.100e+01
-7.600e+01
-6.200e+01
-8.600e+01
-9.000e+01
-1.150e+02
-1.050e+02
-9.800e+01
-9.400e+01
-7.400e+01
-1.020e+02
-8.200e+01
-6.400e+01
-8.600e+01
-7.900e+01
-1.010e+02
-8.300e+01
-7.700e+01
-1.040e+02
-1.050e+02
-8.600e+01
-8.600e+01
-9.800e+01
-9.400e+01
-1.070e+02
-1.070e+02
-6.400e+01
-6.900e+01
-1.010e+02
-8.300e+01
-7.000e+01
-1.110e+02
-7.600e+01
-6.600e+01
-7.900e+01
-1.060e+02
-9.500e+01
-1.140e+02
-8.500e+01
-1.140e+02
-7.600e+01
-7.200e+01
-7.900e+01
-1.170e+02
-8.300e+01
-9.000e+01
-6.800e+01
-7.700e+01
-9.700e+01
-2.270e+02
-8.300e+01
-1.110e+02
-8.600e+01
-1.030e+02
-6.300e+01
-7.800e+01
-8.500e+01
-1.140e+02
-9.500e+01
-7.700e+01
-6.400e+01
-9.500e+01
-8.400e+01
-1.130e+02
-1.010e+02
-9.600e+01
-8.000e+01
-1.050e+02
-7.000e+01
-8.100e+01
-9.300e+01
-9.700e+01
-7.500e+01
-9.300e+01
-7.200e+01
-1.010e+02
-6.400e+01
-1.250e+02
-6.300e+01
-6.300e+01
-7.200e+01
-1.010e+02
-7.200e+01
-1.060e+02
-8.800e+01
-8.000e+01
-9.400e+01
-8.600e+01
-8.500e+01
-1.030e+02
-9.300e+01
-7.600e+01
-1.010e+02
-1.020e+02
-9.200e+01
-1.060e+02
-1.140e+02
-9.000e+01
-6.200e+01
-9.100e+01
-1.180e+02
-8.400e+01
-9.300e+01
-1.170e+02
-8.800e+01
-1.060e+02
-9.100e+01
-7.800e+01
-1.050e+02
-8.700e+01
-9.300e+01
-1.060e+02
-8.100e+01
-1.120e+02
-1.610e+02
-6.300e+01
-7.100e+01
-8.600e+01
-1.130e+02
-7.000e+01
-7.800e+01
-8.800e+01
-8.900e+01
-8.500e+01
-1.490e+02
-1.110e+02
-1.840e+02
-6.400e+01
-7.100e+01
-9.700e+01
-8.600e+01
-1.120e+02
-1.060e+02
-8.900e+01
-6.400e+01
-1.150e+02
-6.300e+01
-1.070e+02
-8.900e+01
-8.600e+01
-1.220e+02
-7.700e+01
-8.400e+01
-8.700e+01
-7.500e+01
-7.600e+01
-6.600e+01
-1.010e+02
-1.490e+02
-6.300e+01
-9.600e+01
-9.700e+01
-8.900e+01
-1.170e+02
-1.130e+02
-1.070e+02
-9.600e+01
-1.350e+02
-1.010e+02
-7.500e+01
-6.300e+01
-7.500e+01
-8.400e+01
-6.400e+01
-1.000e+02
-1.040e+02
-1.180e+02
-9.700e+01
-9.200e+01
-1.080e+02
-7.500e+01
-9.600e+01
-6.300e+01
-1.020e+02
-1.350e+02
-1.890e+02
-1.050e+02
-9.600e+01
-1.030e+02
-6.200e+01
-1.100e+02
-1.260e+02
-1.170e+02
-6.900e+01
-6.200e+01
-1.660e+02
-1.110e+02
-1.150e+02
-8.100e+01
-1.280e+02
-7.200e+01
-1.040e+02
-9.200e+01
-1.540e+02
-7.600e+01
-8.300e+01
-1.300e+02
-7.000e+01
-7.000e+01
-6.700e+01
-9.700e+01
-9.900e+01
-7.100e+01
-2.700e+02
-8.600e+01
-2.780e+02
-9.400e+01
-8.000e+01
-7.100e+01
-7.100e+01
-6.300e+01
-1.190e+02
-1.020e+02
-8.900e+01
-1.100e+02
-7.100e+01
-9.800e+01
-1.140e+02
-1.100e+02
-7.100e+01
-1.070e+02
-7.800e+01
-7.500e+01
-1.220e+02
-1.000e+02
-7.700e+01
-1.580e+02
-1.620e+02
-1.020e+02
-9.700e+01
-1.160e+02
-6.900e+01
-1.010e+02
-8.200e+01
-9.100e+01
-7.000e+01
-7.000e+01
-8.800e+01
-1.170e+02
-7.700e+01
-1.050e+02
-1.200e+02
-9.900e+01
-8.400e+01
-7.100e+01
-7.400e+01
-7.400e+01
-8.800e+01
-7.100e+01
-1.170e+02
-7.500e+01
-1.260e+02
-1.190e+02
-9.400e+01
-2.000e+02
-7.600e+01
-7.000e+01
-9.800e+01
-3.580e+02
-9.900e+01
-7.000e+01
-8.400e+01
-1.120e+02
-9.100e+01
-1.140e+02
-8.300e+01
-9.000e+01
-7.700e+01
-1.480e+02
-8.400e+01
-1.060e+02
-1.800e+02
-9.700e+01
-1.510e+02
-1.070e+02
-7.200e+01
-7.600e+01
-8.900e+01
-8.800e+01
-8.200e+01
-7.500e+01
-1.050e+02
-7.900e+01
-8.200e+01
-6.200e+01
-7.400e+01
-7.400e+01
-8.900e+01
-1.340e+02
-1.020e+02
-9.300e+01
-6.700e+01
-9.100e+01
-8.500e+01
-8.800e+01
-8.300e+01
-1.150e+02
-7.600e+01
-6.800e+01
-9.200e+01
-9.300e+01
-8.900e+01
-6.800e+01
-1.210e+02
-9.700e+01
-7.000e+01
-9.000e+01
-7.700e+01
-9.300e+01
-6.600e+01
-9.700e+01
-1.180e+02
-6.600e+01
-9.300e+01
-8.300e+01
-9.300e+01
-8.100e+01
-6.000e+01
-6.400e+01
-7.700e+01
-6.900e+01
-7.100e+01
-1.160e+02
-6.000e+01
-7.000e+01
-6.500e+01
-6.300e+01
-8.500e+01
-8.500e+01
-6.300e+01
-1.030e+02
-7.800e+01
-6.800e+01
-6.800e+01
-6.900e+01
-7.500e+01
-7.600e+01
-6.400e+01
-1.000e+02
-6.700e+01
-1.110e+02
-1.010e+02
-9.800e+01
-8.000e+01
-7.500e+01
-1.030e+02
-9.900e+01
