-1.276e+03
-3.099e+03
-1.678e+03
-6.690e+02
-8.620e+02
-1.497e+03
-9.670e+02
-2.226e+03
-8.010e+02
-1.227e+03
-1.964e+03
-1.695e+03
-7.220e+02
-9.130e+02
-9.030e+02
-3.720e+02
-6.450e+02
-1.418e+03
-8.680e+02
-9.110e+02
-5.220e+02
-9.370e+02
-1.543e+03
-6.180e+02
-8.600e+02
-6.280e+02
-9.590e+02
-8.420e+02
-8.350e+02
-3.120e+02
-4.380e+02
-1.252e+03
-4.340e+02
-7.550e+02
-5.730e+02
-4.830e+02
-6.960e+02
-6.850e+02
-6.040e+02
-7.380e+02
-7.930e+02
-1.176e+03
-4.980e+02
-5.170e+02
-4.770e+02
-4.720e+02
-6.080e+02
-7.430e+02
-4.100e+02
-5.510e+02
-3.210e+02
-2.840e+02
-7.090e+02
-6.050e+02
-5.260e+02
-4.570e+02
-8.710e+02
-2.710e+02
-5.100e+02
-6.580e+02
-7.650e+02
-6.970e+02
-7.410e+02
-4.960e+02
-4.740e+02
-5.120e+02
-3.690e+02
-4.000e+02
-3.800e+02
-4.350e+02
-4.430e+02
-2.530e+02
-3.980e+02
-7.940e+02
-4.650e+02
-4.430e+02
-4.750e+02
-5.380e+02
-4.400e+02
-3.310e+02
-4.560e+02
-5.930e+02
-5.010e+02
-8.670e+02
-7.590e+02
-4.640e+02
-6.370e+02
-4.760e+02
-5.330e+02
-3.890e+02
-3.250e+02
-3.010e+02
-6.010e+02
-2.970e+02
-5.780e+02
-4.410e+02
-5.030e+02
-5.320e+02
-2.600e+02
-5.210e+02
-5.420e+02
-3.320e+02
-5.190e+02
-7.560e+02
-3.610e+02
-4.680e+02
-3.610e+02
-2.680e+02
-2.850e+02
-2.650e+02
-2.620e+02
-4.850e+02
-3.330e+02
-4.910e+02
-5.290e+02
-2.690e+02
-4.840e+02
-2.710e+02
-5.480e+02
-4.140e+02
-4.180e+02
-3.720e+02
-3.440e+02
-3.420e+02
-2.700e+02
-2.850e+02
-6.050e+02
-7.170e+02
-4.290e+02
-7.440e+02
-3.230e+02
-4.000e+02
-5.270e+02
-4.390e+02
-4.150e+02
-7.020e+02
-3.040e+02
-5.910e+02
-4.290e+02
-2.150e+02
-2.130e+02
-5.170e+02
-3.940e+02
-2.970e+02
-3.830e+02
-6.070e+02
-4.310e+02
-3.400e+02
-4.840e+02
-2.440e+02
-2.570e+02
-2.800e+02
-3.350e+02
-3.330e+02
-3.060e+02
-5.190e+02
-2.750e+02
-4.050e+02
-2.550e+02
-3.520e+02
-3.600e+02
-3.450e+02
-3.310e+02
-3.010e+02
-3.380e+02
-2.500e+02
-3.940e+02
-4.130e+02
-4.030e+02
-2.250e+02
-3.760e+02
-3.800e+02
-2.840e+02
-4.770e+02
-2.780e+02
-3.240e+02
-2.550e+02
-2.440e+02
-4.050e+02
-3.020e+02
-3.720e+02
-3.280e+02
-4.170e+02
-3.420e+02
-6.620e+02
-4.600e+02
-3.960e+02
-3.410e+02
-1.880e+02
-2.450e+02
-5.350e+02
-2.590e+02
-2.620e+02
-2.610e+02
-5.300e+02
-2.720e+02
-4.060e+02
-2.440e+02
-4.680e+02
-3.390e+02
-3.640e+02
-3.180e+02
-2.410e+02
-3.290e+02
-3.110e+02
-3.070e+02
-3.340e+02
-2.200e+02
-4.440e+02
-2.880e+02
-2.730e+02
-3.600e+02
-2.590e+02
-2.240e+02
-3.740e+02
-1.710e+02
-2.500e+02
-6.090e+02
-3.180e+02
-2.770e+02
-3.660e+02
-4.110e+02
-4.070e+02
-3.590e+02
-2.700e+02
-2.380e+02
-2.760e+02
-2.680e+02
-3.280e+02
-2.270e+02
-2.810e+02
-3.220e+02
-3.730e+02
-3.130e+02
-2.360e+02
-2.470e+02
-3.560e+02
-3.780e+02
-3.990e+02
-2.300e+02
-2.470e+02
-2.070e+02
-3.690e+02
-3.400e+02
-3.550e+02
-2.710e+02
-3.400e+02
-3.310e+02
-3.250e+02
-2.230e+02
-3.350e+02
-2.600e+02
-3.350e+02
-2.540e+02
-2.310e+02
-1.530e+02
-4.140e+02
-2.060e+02
-2.700e+02
-2.940e+02
-2.730e+02
-3.470e+02
-9.170e+02
-2.140e+02
-2.600e+02
-3.050e+02
-3.130e+02
-3.170e+02
-2.360e+02
-2.830e+02
-2.970e+02
-3.130e+02
-1.840e+02
-1.590e+02
-1.770e+02
-3.180e+02
-2.340e+02
-2.190e+02
-2.330e+02
-2.160e+02
-2.530e+02
-2.800e+02
-4.740e+02
-2.120e+02
-2.560e+02
-2.220e+02
-2.820e+02
-1.970e+02
-1.690e+02
-2.150e+02
-2.030e+02
-1.660e+02
-2.340e+02
-2.450e+02
-2.300e+02
-2.530e+02
-2.960e+02
-2.580e+02
-2.190e+02
-2.390e+02
-2.170e+02
-2.680e+02
-1.900e+02
-2.390e+02
-2.430e+02
-1.850e+02
-2.300e+02
-2.430e+02
-2.090e+02
-1.680e+02
-1.580e+02
-2.950e+02
-1.970e+02
-2.890e+02
-2.100e+02
-1.850e+02
-2.870e+02
-3.030e+02
-3.140e+02
-1.950e+02
-2.120e+02
-1.910e+02
-2.030e+02
-1.900e+02
-2.410e+02
-3.290e+02
-2.320e+02
-2.260e+02
-2.440e+02
-2.020e+02
-3.450e+02
-2.010e+02
-1.890e+02
-2.280e+02
-2.960e+02
-1.710e+02
-2.220e+02
-1.560e+02
-1.780e+02
-2.690e+02
-2.090e+02
-2.440e+02
-1.910e+02
-2.330e+02
-2.020e+02
-2.450e+02
-2.570e+02
-2.250e+02
-2.770e+02
-3.100e+02
-2.540e+02
-2.530e+02
-2.110e+02
-1.760e+02
-2.380e+02
-2.110e+02
-3.370e+02
-2.350e+02
-2.480e+02
-3.140e+02
-2.010e+02
-2.320e+02
-2.530e+02
-2.280e+02
-2.720e+02
-2.250e+02
-2.730e+02
-1.640e+02
-2.160e+02
-2.400e+02
-1.880e+02
-2.260e+02
-1.900e+02
-1.910e+02
-1.410e+02
-2.720e+02
-2.590e+02
-3.270e+02
-2.050e+02
-2.490e+02
-2.150e+02
-3.250e+02
-2.350e+02
-1.610e+02
-2.110e+02
-2.160e+02
-2.590e+02
-2.640e+02
-2.250e+02
-2.580e+02
-2.330e+02
-1.380e+02
-1.450e+02
-3.040e+02
-2.040e+02
-2.960e+02
-2.240e+02
-2.900e+02
-2.400e+02
-2.550e+02
-2.060e+02
-2.380e+02
-1.660e+02
-2.430e+02
-2.290e+02
-1.840e+02
-3.510e+02
-1.740e+02
-2.050e+02
-2.300e+02
-2.240e+02
-2.410e+02
-2.080e+02
-2.320e+02
-2.430e+02
-2.500e+02
-1.560e+02
-1.530e+02
-3.000e+02
-2.380e+02
-2.220e+02
-2.480e+02
-2.060e+02
-1.620e+02
-2.080e+02
-2.280e+02
-1.620e+02
-1.990e+02
-2.550e+02
-2.180e+02
-1.310e+02
-1.780e+02
-3.470e+02
-1.800e+02
-2.390e+02
-2.130e+02
-2.380e+02
-3.370e+02
-2.130e+02
-2.240e+02
-1.810e+02
-1.810e+02
-1.850e+02
-1.990e+02
-2.870e+02
-2.130e+02
-2.120e+02
-2.730e+02
-2.290e+02
-1.980e+02
-1.870e+02
-1.490e+02
-2.160e+02
-2.820e+02
-2.050e+02
-1.790e+02
-2.760e+02
-2.600e+02
-2.120e+02
-1.690e+02
-1.730e+02
-1.280e+02
-1.680e+02
-2.180e+02
-2.400e+02
-2.180e+02
-2.620e+02
-2.050e+02
-1.560e+02
-1.860e+02
-3.460e+02
-1.570e+02
-1.550e+02
-1.390e+02
-2.110e+02
-2.250e+02
-1.880e+02
-1.990e+02
-1.670e+02
-2.150e+02
-1.470e+02
-2.070e+02
-2.060e+02
-2.700e+02
-1.630e+02
-2.280e+02
-2.370e+02
-2.470e+02
-1.550e+02
-1.740e+02
-1.620e+02
-1.570e+02
-2.220e+02
-1.320e+02
-1.700e+02
-2.440e+02
-1.960e+02
-1.800e+02
-1.680e+02
-1.230e+02
-2.300e+02
-2.410e+02
-1.160e+02
-1.710e+02
-1.810e+02
-1.520e+02
-1.650e+02
-2.640e+02
-1.540e+02
-1.890e+02
-1.720e+02
-1.650e+02
-2.380e+02
-2.100e+02
-1.790e+02
-1.660e+02
-1.620e+02
-1.950e+02
-1.370e+02
-2.320e+02
-2.360e+02
-1.690e+02
-1.390e+02
-2.260e+02
-2.210e+02
-2.480e+02
-2.400e+02
-1.570e+02
-1.710e+02
-1.830e+02
-2.310e+02
-1.840e+02
-1.440e+02
-2.320e+02
-1.870e+02
-3.120e+02
-2.020e+02
-1.480e+02
-1.710e+02
-4.310e+02
-1.840e+02
-1.690e+02
-2.260e+02
-1.930e+02
-1.840e+02
-1.370e+02
-1.290e+02
-1.370e+02
-2.380e+02
-2.020e+02
-1.450e+02
-1.560e+02
-1.990e+02
-1.880e+02
-3.250e+02
-1.530e+02
-1.640e+02
-2.170e+02
-2.490e+02
-1.730e+02
-1.830e+02
-1.770e+02
-1.590e+02
-1.880e+02
-1.380e+02
-2.380e+02
-2.010e+02
-1.310e+02
-2.160e+02
-1.490e+02
-1.580e+02
-2.300e+02
-1.820e+02
-2.060e+02
-1.890e+02
-2.220e+02
-1.620e+02
-1.950e+02
-2.380e+02
-1.560e+02
-1.370e+02
-1.480e+02
-1.740e+02
-1.740e+02
-1.910e+02
-2.240e+02
-2.160e+02
-1.500e+02
-1.650e+02
-1.440e+02
-2.170e+02
-1.700e+02
-2.060e+02
-1.980e+02
-1.190e+02
-1.410e+02
-1.570e+02
-1.430e+02
-1.780e+02
-1.450e+02
-1.960e+02
-2.040e+02
-2.070e+02
-2.400e+02
-2.050e+02
-1.440e+02
-1.880e+02
-2.030e+02
-1.430e+02
-1.300e+02
-1.760e+02
-1.400e+02
-1.830e+02
-1.860e+02
-1.830e+02
-1.270e+02
-1.490e+02
-1.550e+02
-1.710e+02
-1.630e+02
-1.690e+02
-2.160e+02
-1.700e+02
-1.120e+02
-2.000e+02
-1.480e+02
-2.140e+02
-2.470e+02
-1.880e+02
-1.800e+02
-1.450e+02
-1.380e+02
-1.710e+02
-1.550e+02
-1.590e+02
-2.250e+02
-1.810e+02
-1.660e+02
-1.330e+02
-1.950e+02
-1.350e+02
-1.890e+02
-1.640e+02
-3.060e+02
-1.990e+02
-1.920e+02
-1.890e+02
-2.120e+02
-1.630e+02
-1.440e+02
-1.480e+02
-2.020e+02
-1.400e+02
-1.440e+02
-1.440e+02
-2.290e+02
-1.680e+02
-1.360e+02
-1.800e+02
-1.880e+02
-1.650e+02
-1.270e+02
-1.700e+02
-1.520e+02
-1.750e+02
-1.360e+02
-1.960e+02
-1.670e+02
-1.460e+02
-1.110e+02
-1.980e+02
-1.880e+02
-1.430e+02
-1.840e+02
-1.740e+02
-1.510e+02
-1.440e+02
-1.620e+02
-1.660e+02
-1.850e+02
-1.180e+02
-1.690e+02
-1.630e+02
-1.640e+02
-1.250e+02
-1.370e+02
-1.800e+02
-2.070e+02
-1.420e+02
-1.490e+02
-1.330e+02
-1.320e+02
-1.220e+02
-1.500e+02
-1.860e+02
-1.280e+02
-2.410e+02
-1.600e+02
-1.730e+02
-1.570e+02
-2.380e+02
-1.650e+02
-1.430e+02
-1.270e+02
-1.810e+02
-1.210e+02
-1.530e+02
-1.600e+02
-1.190e+02
-1.660e+02
-1.580e+02
-1.350e+02
-2.330e+02
-1.410e+02
-2.390e+02
-1.310e+02
-1.350e+02
-2.510e+02
-1.230e+02
-2.360e+02
-1.670e+02
-2.260e+02
-1.760e+02
-1.210e+02
-1.810e+02
-1.780e+02
-1.670e+02
-1.550e+02
-2.420e+02
-1.830e+02
-1.960e+02
-1.270e+02
-1.670e+02
-1.200e+02
-1.090e+02
-2.160e+02
-3.070e+02
-1.340e+02
-2.160e+02
-1.630e+02
-1.320e+02
-1.410e+02
-2.020e+02
-1.360e+02
-1.430e+02
-1.920e+02
-1.720e+02
-1.340e+02
-1.720e+02
-1.400e+02
-1.740e+02
-1.450e+02
-2.100e+02
-1.570e+02
-1.330e+02
-1.380e+02
-1.860e+02
-1.730e+02
-1.580e+02
-1.270e+02
-1.970e+02
-1.470e+02
-2.070e+02
-1.650e+02
-1.340e+02
-1.500e+02
-1.720e+02
-1.270e+02
-1.700e+02
-1.350e+02
-1.050e+02
-1.990e+02
-1.580e+02
-1.870e+02
-1.280e+02
-1.710e+02
-1.830e+02
-2.310e+02
-1.880e+02
-1.590e+02
-2.260e+02
-2.250e+02
-2.040e+02
-1.240e+02
-1.470e+02
-1.410e+02
-1.320e+02
-1.180e+02
-1.180e+02
-1.540e+02
-1.060e+02
-1.340e+02
-1.460e+02
-1.670e+02
-1.480e+02
-1.730e+02
-1.630e+02
-1.460e+02
-1.720e+02
-1.270e+02
-1.550e+02
-1.610e+02
-2.110e+02
-1.900e+02
-1.370e+02
-9.900e+01
-2.070e+02
-1.740e+02
-1.420e+02
-1.790e+02
-1.530e+02
-1.470e+02
-1.510e+02
-1.110e+02
-1.030e+02
-1.540e+02
-1.720e+02
-1.320e+02
-1.870e+02
-1.370e+02
-1.120e+02
-1.000e+02
-1.400e+02
-2.410e+02
-1.680e+02
-1.690e+02
-1.690e+02
-1.000e+02
-1.610e+02
-1.590e+02
-1.500e+02
-1.360e+02
-1.300e+02
-1.800e+02
-1.980e+02
-1.510e+02
-1.630e+02
-1.610e+02
-1.290e+02
-1.400e+02
-2.070e+02
-1.870e+02
-1.910e+02
-9.500e+01
-1.570e+02
-1.190e+02
-2.310e+02
-2.260e+02
-1.140e+02
-1.190e+02
-1.380e+02
-1.230e+02
-1.450e+02
-1.210e+02
-1.500e+02
-1.020e+02
-1.530e+02
-1.460e+02
-1.880e+02
-1.360e+02
-1.850e+02
-1.530e+02
-1.040e+02
-1.300e+02
-1.480e+02
-1.460e+02
-1.920e+02
-1.680e+02
-1.060e+02
-4.550e+02
-1.330e+02
-1.490e+02
-1.140e+02
-1.770e+02
-1.230e+02
-1.560e+02
-1.470e+02
-1.630e+02
-1.030e+02
-1.330e+02
-1.170e+02
-1.350e+02
-1.680e+02
-1.900e+02
-1.350e+02
-1.190e+02
-1.240e+02
-1.310e+02
-1.800e+02
-1.630e+02
-1.380e+02
-1.190e+02
-1.430e+02
-1.360e+02
-1.170e+02
-1.390e+02
-1.470e+02
-1.550e+02
-1.230e+02
-1.400e+02
-1.500e+02
-1.270e+02
-2.220e+02
-1.870e+02
-1.750e+02
-5.490e+02
-1.270e+02
-2.270e+02
-1.290e+02
-1.660e+02
-1.250e+02
-1.970e+02
-1.250e+02
-1.340e+02
-1.950e+02
-3.830e+02
-1.830e+02
-8.700e+01
-1.560e+02
-1.090e+02
-1.600e+02
-2.220e+02
-1.360e+02
-2.610e+02
-1.650e+02
-1.730e+02
-1.600e+02
-2.010e+02
-1.110e+02
-1.310e+02
-1.490e+02
-1.610e+02
-1.140e+02
-1.530e+02
-1.210e+02
-1.440e+02
-1.740e+02
-1.920e+02
-1.230e+02
-1.400e+02
-1.680e+02
-1.550e+02
-1.270e+02
-2.140e+02
-1.540e+02
-1.050e+02
-1.200e+02
-1.180e+02
-1.280e+02
-1.660e+02
-1.100e+02
-1.460e+02
-1.550e+02
-1.350e+02
-1.300e+02
-2.240e+02
-1.660e+02
-1.710e+02
-1.620e+02
-2.020e+02
-1.060e+02
-2.550e+02
-1.790e+02
-1.360e+02
-1.640e+02
-1.490e+02
-3.470e+02
-1.110e+02
-1.620e+02
-1.290e+02
-1.540e+02
-1.430e+02
-1.660e+02
-1.370e+02
-1.470e+02
-1.570e+02
-1.510e+02
-1.410e+02
-1.100e+02
-1.330e+02
-1.610e+02
-1.490e+02
-1.160e+02
-1.650e+02
-1.510e+02
-1.440e+02
-1.650e+02
-1.680e+02
-1.320e+02
-1.310e+02
-1.990e+02
-1.540e+02
-1.330e+02
-1.140e+02
-1.220e+02
-1.350e+02
-1.430e+02
-1.370e+02
-1.250e+02
-1.420e+02
-1.510e+02
-1.420e+02
-1.640e+02
-1.360e+02
-1.050e+02
-1.080e+02
-1.800e+02
-1.340e+02
-1.300e+02
-1.050e+02
-1.050e+02
-1.380e+02
-1.500e+02
-1.160e+02
-1.990e+02
-1.380e+02
-1.020e+02
-1.670e+02
-1.180e+02
-1.330e+02
-1.460e+02
-9.400e+01
-1.470e+02
-1.330e+02
-1.030e+02
-1.540e+02
-1.400e+02
-1.240e+02
-1.580e+02
-1.230e+02
-1.320e+02
-1.510e+02
-1.140e+02
-1.290e+02
-1.650e+02
-1.210e+02
-1.000e+02
-9.500e+01
-1.280e+02
-1.490e+02
-1.630e+02
-1.010e+02
-1.630e+02
-1.430e+02
-1.230e+02
-1.360e+02
-1.450e+02
-1.440e+02
-1.690e+02
-1.330e+02
-2.000e+02
-1.330e+02
-1.140e+02
-1.300e+02
-1.250e+02
-1.820e+02
-2.180e+02
-1.200e+02
-1.340e+02
-1.540e+02
-1.280e+02
-1.260e+02
-1.400e+02
-2.010e+02
-1.270e+02
-1.480e+02
-1.350e+02
-1.650e+02
-1.450e+02
-1.090e+02
-1.060e+02
-1.690e+02
-1.340e+02
-1.180e+02
-1.480e+02
-1.270e+02
-1.100e+02
-1.550e+02
-1.800e+02
-1.350e+02
-1.060e+02
-1.220e+02
-1.440e+02
-1.230e+02
-2.180e+02
-1.440e+02
-1.320e+02
-1.680e+02
-1.270e+02
-2.050e+02
-1.440e+02
-1.560e+02
-1.140e+02
-1.400e+02
-1.270e+02
-1.060e+02
-1.420e+02
-1.500e+02
-1.550e+02
-1.520e+02
-1.460e+02
-1.450e+02
-1.380e+02
-1.130e+02
-1.820e+02
-1.350e+02
-1.070e+02
-1.160e+02
-2.090e+02
-1.290e+02
-1.490e+02
-1.260e+02
-1.140e+02
-1.750e+02
-1.360e+02
-9.400e+01
-1.130e+02
-1.190e+02
-3.610e+02
-1.340e+02
-1.160e+02
-1.490e+02
-1.610e+02
-1.580e+02
-1.810e+02
-1.440e+02
-1.260e+02
-1.750e+02
-1.350e+02
-1.320e+02
-1.600e+02
-1.640e+02
-1.440e+02
-1.290e+02
-1.090e+02
-1.270e+02
-1.530e+02
-1.450e+02
-9.200e+01
-1.220e+02
-1.140e+02
-1.770e+02
-3.790e+02
-1.460e+02
-1.600e+02
-1.310e+02
-1.540e+02
-1.560e+02
-1.430e+02
-1.130e+02
-1.640e+02
-1.090e+02
-1.030e+02
-2.070e+02
-1.270e+02
-8.900e+01
-1.860e+02
-8.800e+01
-1.330e+02
-1.160e+02
-9.600e+01
-1.240e+02
-1.290e+02
-1.170e+02
-1.720e+02
-9.400e+01
-1.790e+02
-1.220e+02
-1.160e+02
-1.100e+02
-1.330e+02
-1.350e+02
-1.230e+02
-1.130e+02
-1.160e+02
-9.500e+01
-1.370e+02
-1.090e+02
-1.260e+02
-8.600e+01
-1.420e+02
-1.280e+02
-1.890e+02
-1.320e+02
-1.040e+02
-1.230e+02
-1.070e+02
-1.500e+02
-1.350e+02
-9.500e+01
-1.030e+02
-1.470e+02
-9.700e+01
-1.250e+02
-1.080e+02
-1.150e+02
-1.250e+02
-1.250e+02
-1.200e+02
-9.700e+01
-9.400e+01
-1.220e+02
-1.080e+02
-1.250e+02
-1.000e+02
-1.490e+02
-1.370e+02
-1.480e+02
-4.540e+02
-1.830e+02
-1.260e+02
-1.450e+02
-1.750e+02
-1.290e+02
-1.070e+02
-1.160e+02
-8.100e+01
-1.330e+02
-1.960e+02
-1.890e+02
-1.540e+02
-1.460e+02
-1.460e+02
-1.060e+02
-1.130e+02
-1.100e+02
-1.140e+02
-1.540e+02
-1.690e+02
-1.250e+02
-1.260e+02
-1.310e+02
-1.370e+02
-1.590e+02
-1.010e+02
-1.260e+02
-1.150e+02
-1.400e+02
-2.070e+02
-1.450e+02
-1.350e+02
-1.210e+02
-1.120e+02
-8.600e+01
-1.050e+02
-1.280e+02
-1.440e+02
-1.110e+02
-1.120e+02
-1.100e+02
-1.260e+02
-1.120e+02
-1.350e+02
-1.120e+02
-1.440e+02
-9.000e+01
-4.020e+02
-1.130e+02
-1.450e+02
-1.150e+02
-1.260e+02
-1.420e+02
-9.800e+01
-1.270e+02
-7.000e+01
-1.820e+02
-1.440e+02
-9.300e+01
-1.280e+02
-9.200e+01
-1.000e+02
-1.090e+02
-1.740e+02
-1.300e+02
-1.520e+02
-2.700e+02
-1.840e+02
-1.340e+02
-1.040e+02
-1.750e+02
-1.500e+02
-2.000e+02
-1.410e+02
-1.060e+02
-1.650e+02
-1.170e+02
-1.720e+02
-1.170e+02
-1.210e+02
-9.500e+01
-1.590e+02
-9.100e+01
-1.400e+02
-1.720e+02
-1.230e+02
-1.180e+02
-1.180e+02
-1.060e+02
-1.290e+02
-1.370e+02
-9.900e+01
-1.140e+02
-1.490e+02
-1.420e+02
-1.200e+02
-9.200e+01
-1.230e+02
-1.430e+02
-1.190e+02
-1.070e+02
-1.620e+02
-1.950e+02
-1.810e+02
-1.520e+02
-1.180e+02
-1.490e+02
-1.100e+02
-1.390e+02
-1.030e+02
-1.140e+02
-1.230e+02
-8.600e+01
-1.100e+02
-1.110e+02
-1.060e+02
-1.210e+02
-1.350e+02
-1.150e+02
-1.230e+02
-1.640e+02
-1.150e+02
-9.000e+01
-1.200e+02
-1.190e+02
-1.370e+02
-1.180e+02
-1.150e+02
-1.450e+02
-1.560e+02
-1.310e+02
-8.300e+01
-1.630e+02
-1.300e+02
-1.020e+02
-9.000e+01
-5.420e+02
-1.190e+02
-1.710e+02
-1.010e+02
-1.850e+02
-1.290e+02
-1.150e+02
-1.270e+02
-9.700e+01
-1.690e+02
-9.400e+01
-1.510e+02
-1.650e+02
-1.130e+02
-1.090e+02
-1.390e+02
-1.240e+02
-1.380e+02
-1.610e+02
-1.230e+02
-1.400e+02
-1.300e+02
-1.500e+02
-9.500e+01
-1.500e+02
-1.250e+02
-1.520e+02
-1.560e+02
-9.900e+01
-1.390e+02
-1.250e+02
-9.800e+01
-1.300e+02
-1.310e+02
-1.190e+02
-1.280e+02
-1.770e+02
-1.390e+02
-1.040e+02
-1.180e+02
-1.020e+02
-1.510e+02
-1.780e+02
-9.600e+01
-1.140e+02
-2.210e+02
-1.160e+02
-1.240e+02
-1.120e+02
-1.490e+02
-1.250e+02
-1.400e+02
-1.210e+02
-1.410e+02
-1.880e+02
-1.350e+02
-1.000e+02
-1.080e+02
-1.030e+02
-1.530e+02
-1.420e+02
-1.000e+02
-1.290e+02
-1.740e+02
-1.550e+02
-8.800e+01
-1.030e+02
-9.400e+01
-1.030e+02
-1.470e+02
-1.100e+02
-1.180e+02
-1.360e+02
-9.400e+01
-9.900e+01
-1.280e+02
-1.540e+02
-1.100e+02
-1.090e+02
-1.040e+02
-9.700e+01
-9.400e+01
-1.570e+02
-1.450e+02
-1.120e+02
-1.050e+02
-1.310e+02
-1.380e+02
-1.000e+02
-1.180e+02
-1.830e+02
-1.250e+02
-1.280e+02
-1.330e+02
-1.260e+02
-9.300e+01
-1.240e+02
-1.150e+02
-1.350e+02
-1.110e+02
-1.250e+02
-9.800e+01
-1.250e+02
-8.400e+01
-1.040e+02
-9.300e+01
-1.040e+02
-1.800e+02
-1.310e+02
-8.500e+01
-1.270e+02
-9.500e+01
-1.110e+02
-1.140e+02
-1.040e+02
-8.900e+01
-1.300e+02
-1.030e+02
-1.310e+02
-1.310e+02
-1.180e+02
-1.150e+02
-1.160e+02
-9.400e+01
-8.000e+01
-1.020e+02
-2.520e+02
-1.030e+02
-1.000e+02
-1.220e+02
-8.400e+01
-1.500e+02
-9.200e+01
-1.180e+02
-1.150e+02
-1.270e+02
-1.180e+02
-1.160e+02
-1.030e+02
-1.040e+02
-9.100e+01
-1.450e+02
-9.900e+01
-1.230e+02
-9.600e+01
-1.440e+02
-1.220e+02
-1.520e+02
-9.900e+01
-1.010e+02
-1.090e+02
-1.330e+02
-1.270e+02
-1.180e+02
-1.010e+02
-9.400e+01
-8.200e+01
-1.340e+02
-1.090e+02
-8.900e+01
-9.800e+01
-1.310e+02
-1.040e+02
-1.410e+02
-1.200e+02
-9.300e+01
-1.410e+02
-1.250e+02
-1.370e+02
-1.220e+02
-1.320e+02
-1.430e+02
-1.370e+02
-2.500e+02
-1.010e+02
-1.490e+02
-1.000e+02
-1.050e+02
-9.700e+01
-1.190e+02
-1.330e+02
-1.110e+02
-1.150e+02
-1.190e+02
-1.000e+02
-1.300e+02
-8.100e+01
-1.090e+02
-1.290e+02
-1.080e+02
-1.710e+02
-1.230e+02
-1.000e+02
-9.050e+02
-1.420e+02
-1.160e+02
-1.190e+02
-1.400e+02
-1.010e+02
-9.800e+01
-6.900e+01
-1.110e+02
-1.230e+02
-1.650e+02
-1.020e+02
-1.330e+02
-1.190e+02
-1.090e+02
-1.190e+02
-1.320e+02
-1.200e+02
-9.300e+01
-1.370e+02
-1.090e+02
-9.800e+01
-1.200e+02
-9.000e+01
-3.060e+02
-1.020e+02
-1.250e+02
-1.170e+02
-1.220e+02
-1.250e+02
-1.250e+02
-9.700e+01
-1.340e+02
-1.060e+02
-1.040e+02
-1.160e+02
-1.550e+02
-1.040e+02
-1.150e+02
-1.030e+02
-1.320e+02
-1.260e+02
-9.400e+01
-1.150e+02
-1.060e+02
-1.260e+02
-1.170e+02
-1.150e+02
-1.170e+02
-8.300e+01
-1.130e+02
-1.070e+02
-1.110e+02
-1.110e+02
-9.300e+01
-1.320e+02
-1.280e+02
-8.800e+01
-1.360e+02
-1.260e+02
-9.500e+01
-8.600e+01
-2.410e+02
-9.500e+01
-1.150e+02
-1.400e+02
-9.200e+01
-3.320e+02
-1.170e+02
-1.000e+02
-1.030e+02
-1.160e+02
-1.220e+02
-1.150e+02
-1.290e+02
-9.600e+01
-1.030e+02
-9.400e+01
-9.100e+01
-1.250e+02
-1.160e+02
-1.500e+02
-1.470e+02
-1.050e+02
-8.200e+01
-9.700e+01
-9.600e+01
-1.010e+02
-1.450e+02
-1.010e+02
-1.280e+02
-9.100e+01
-2.300e+02
-1.470e+02
-9.900e+01
-1.180e+02
-1.130e+02
-9.400e+01
-1.350e+02
-8.700e+01
-1.250e+02
-9.900e+01
-8.900e+01
-8.600e+01
-1.460e+02
-9.500e+01
-9.000e+01
-1.220e+02
-1.330e+02
-9.800e+01
-7.800e+01
-1.100e+02
-8.600e+01
-1.010e+02
-1.310e+02
-1.240e+02
-8.200e+01
-1.320e+02
-1.200e+02
-9.400e+01
-1.050e+02
-1.240e+02
-1.050e+02
-1.150e+02
-8.700e+01
-1.160e+02
-9.600e+01
-1.540e+02
-1.480e+02
-1.180e+02
-1.720e+02
-1.220e+02
-1.010e+02
-1.090e+02
-1.040e+02
-1.200e+02
-1.040e+02
-9.700e+01
-1.110e+02
-1.340e+02
-1.180e+02
-8.600e+01
-1.250e+02
-1.010e+02
-1.080e+02
-1.060e+02
-9.800e+01
-2.220e+02
-1.190e+02
-9.900e+01
-1.110e+02
-1.410e+02
-7.900e+01
-7.900e+01
-1.440e+02
-1.340e+02
-1.280e+02
-1.550e+02
-1.120e+02
-9.900e+01
-1.170e+02
-1.310e+02
-1.390e+02
-1.080e+02
-1.030e+02
-1.000e+02
-1.140e+02
-6.800e+01
-1.190e+02
-1.380e+02
-1.100e+02
-9.800e+01
-1.150e+02
-1.020e+02
-9.700e+01
-1.090e+02
-9.000e+01
-1.120e+02
-1.170e+02
-1.200e+02
-1.000e+02
-1.200e+02
-1.100e+02
-1.210e+02
-1.030e+02
-2.790e+02
-1.190e+02
-9.000e+01
-1.040e+02
-1.130e+02
-1.580e+02
-1.000e+02
-1.510e+02
-1.130e+02
-8.300e+01
-1.170e+02
-1.170e+02
-1.010e+02
-9.400e+01
-1.160e+02
-1.080e+02
-1.150e+02
-7.800e+01
-1.150e+02
-1.310e+02
-1.090e+02
-8.700e+01
-1.150e+02
-1.030e+02
-1.090e+02
-1.150e+02
-1.250e+02
-9.500e+01
-8.900e+01
-2.160e+02
-1.080e+02
-1.080e+02
-1.080e+02
-1.070e+02
-1.150e+02
-1.050e+02
-8.200e+01
-1.490e+02
-7.400e+01
-1.090e+02
-1.000e+02
-1.010e+02
-1.030e+02
-8.100e+01
-1.130e+02
-1.020e+02
-1.040e+02
-9.900e+01
-1.110e+02
-1.240e+02
-1.450e+02
-8.900e+01
-1.100e+02
-1.540e+02
-9.600e+01
-1.050e+02
-9.600e+01
-1.170e+02
-9.500e+01
-1.390e+02
-8.600e+01
-1.270e+02
-1.320e+02
-1.200e+02
-9.700e+01
-9.700e+01
-1.120e+02
-1.110e+02
-1.060e+02
-1.130e+02
-9.400e+01
-8.200e+01
-1.080e+02
-9.800e+01
-1.030e+02
-1.450e+02
-1.390e+02
-9.400e+01
-1.360e+02
-1.250e+02
-1.300e+02
-1.130e+02
-1.050e+02
-1.000e+02
-9.700e+01
-1.150e+02
-1.130e+02
-1.260e+02
-8.300e+01
-1.420e+02
-9.300e+01
-1.270e+02
-1.540e+02
-6.110e+02
-1.000e+02
-9.200e+01
-8.900e+01
-1.150e+02
-1.270e+02
-1.330e+02
-1.260e+02
-1.400e+02
-1.260e+02
-1.050e+02
-1.010e+02
-1.080e+02
-1.240e+02
-1.600e+02
-1.030e+02
-1.300e+02
-1.310e+02
-1.210e+02
-1.010e+02
-9.900e+01
-1.810e+02
-9.400e+01
-9.900e+01
-1.040e+02
-1.100e+02
-1.300e+02
-1.230e+02
-1.400e+02
-1.110e+02
-1.110e+02
-1.140e+02
-9.700e+01
-9.200e+01
-9.800e+01
-1.130e+02
-7.700e+01
-1.220e+02
-8.100e+01
-7.900e+01
-1.320e+02
-1.160e+02
-9.600e+01
-9.500e+01
-1.020e+02
-1.210e+02
-9.700e+01
-2.090e+02
-8.800e+01
-9.300e+01
-8.700e+01
-8.700e+01
-1.430e+02
-1.240e+02
-8.900e+01
-1.060e+02
-9.600e+01
-1.020e+02
-8.400e+01
-1.070e+02
-1.230e+02
-9.700e+01
-1.300e+02
-1.080e+02
-9.700e+01
-9.800e+01
-8.100e+01
-1.210e+02
-1.140e+02
-1.220e+02
-9.500e+01
-1.120e+02
-7.700e+01
-1.160e+02
-1.160e+02
-1.040e+02
-1.150e+02
-1.160e+02
-8.800e+01
-8.400e+01
-9.800e+01
-1.080e+02
-1.410e+02
-9.100e+01
-1.240e+02
-1.140e+02
-1.080e+02
-1.060e+02
-1.200e+02
-9.900e+01
-1.220e+02
-1.370e+02
-6.900e+01
-1.070e+02
-1.050e+02
-1.100e+02
-1.210e+02
-9.400e+01
-1.280e+02
-9.900e+01
-8.300e+01
-1.080e+02
-8.200e+01
-1.110e+02
-1.110e+02
-8.500e+01
-9.700e+01
-8.800e+01
-8.400e+01
-8.300e+01
-1.130e+02
-1.040e+02
-9.500e+01
-9.100e+01
-1.050e+02
-1.350e+02
-1.260e+02
-1.120e+02
-1.250e+02
-8.600e+01
-7.800e+01
-1.270e+02
-1.540e+02
-1.390e+02
-1.110e+02
-9.200e+01
-1.990e+02
-1.040e+02
-9.000e+01
-1.420e+02
-6.900e+01
-8.800e+01
-1.120e+02
-2.497e+03
-8.000e+01
-9.800e+01
-1.340e+02
-1.220e+02
-1.200e+02
-8.800e+01
-1.180e+02
-8.500e+01
-1.210e+02
-1.020e+02
-1.080e+02
-1.020e+02
-8.900e+01
-1.530e+02
-8.800e+01
-9.000e+01
-7.900e+01
-1.160e+02
-9.100e+01
-6.800e+01
-1.750e+02
-1.110e+02
-9.000e+01
-8.200e+01
-9.200e+01
-1.180e+02
-9.300e+01
-1.270e+02
-1.170e+02
-7.600e+01
-2.060e+02
-1.430e+02
-9.200e+01
-1.770e+02
-8.200e+01
-1.200e+02
-8.000e+01
-9.700e+01
-9.400e+01
-1.100e+02
-1.090e+02
-1.460e+02
-1.030e+02
-1.060e+02
-8.500e+01
-1.050e+02
-9.600e+01
-1.960e+02
-1.130e+02
-1.090e+02
-8.600e+01
-1.170e+02
-7.400e+01
-1.110e+02
-9.300e+01
-8.900e+01
-1.030e+02
-6.300e+01
-9.400e+01
-8.900e+01
-1.280e+02
-1.350e+02
-1.080e+02
-9.500e+01
-9.800e+01
-9.600e+01
-1.020e+02
-8.200e+01
-1.380e+02
-1.140e+02
-8.600e+01
-1.120e+02
-1.080e+02
-7.600e+01
-1.100e+02
-8.300e+01
-1.080e+02
-1.010e+02
-9.700e+01
-1.040e+02
-8.100e+01
-1.280e+02
-8.400e+01
-1.080e+02
-9.800e+01
-1.260e+02
-1.070e+02
-8.000e+01
-9.900e+01
-1.160e+02
-9.200e+01
-1.020e+02
-1.160e+02
-1.000e+02
-8.800e+01
-9.300e+01
-1.060e+02
-7.700e+01
-9.000e+01
-1.060e+02
-8.700e+01
-8.700e+01
-8.800e+01
-2.280e+02
-1.120e+02
-9.800e+01
-1.070e+02
-9.600e+01
-7.700e+01
-1.040e+02
-1.130e+02
-9.300e+01
-1.250e+02
-8.500e+01
-8.100e+01
-1.000e+02
-1.060e+02
-7.800e+01
-1.110e+02
-7.200e+01
-9.000e+01
-1.160e+02
-1.090e+02
-1.010e+02
-9.800e+01
-9.700e+01
-9.300e+01
-9.900e+01
-7.500e+01
-9.900e+01
-8.800e+01
-8.500e+01
-8.200e+01
-1.150e+02
-1.220e+02
-1.040e+02
-9.300e+01
-8.000e+01
-9.600e+01
-1.220e+02
-1.250e+02
-1.010e+02
-9.300e+01
-1.330e+02
-9.800e+01
-8.300e+01
-1.060e+02
-9.400e+01
-9.400e+01
-1.080e+02
-9.500e+01
-1.050e+02
-1.130e+02
-9.400e+01
-7.900e+01
-8.900e+01
-9.900e+01
-1.060e+02
-1.030e+02
-1.190e+02
-8.300e+01
-9.900e+01
-1.270e+02
-1.330e+02
-1.000e+02
-1.030e+02
-9.900e+01
-7.500e+01
-1.310e+02
-1.040e+02
-1.150e+02
-1.030e+02
-9.500e+01
-1.030e+02
-9.900e+01
-1.080e+02
-1.020e+02
-1.160e+02
-9.900e+01
-9.300e+01
-8.700e+01
-8.600e+01
-1.110e+02
-1.120e+02
-8.300e+01
-1.140e+02
-9.300e+01
-8.600e+01
-9.100e+01
-1.220e+02
-9.700e+01
-1.700e+02
-1.040e+02
-9.900e+01
-8.800e+01
-1.290e+02
-9.600e+01
-1.260e+02
-1.370e+02
-9.400e+01
-8.100e+01
-7.600e+01
-9.500e+01
-1.540e+02
-1.050e+02
-9.200e+01
-1.130e+02
-7.800e+01
-1.030e+02
-7.700e+01
-8.500e+01
-1.020e+02
-8.500e+01
-1.650e+02
-1.390e+02
-8.300e+01
-1.240e+02
-7.600e+01
-1.030e+02
-1.270e+02
-1.170e+02
-9.600e+01
-7.500e+01
-1.210e+02
-7.800e+01
-8.100e+01
-9.100e+01
-1.060e+02
-1.190e+02
-1.020e+02
-9.300e+01
-1.060e+02
-8.200e+01
-9.000e+01
-1.130e+02
-7.900e+01
-1.180e+02
-1.710e+02
-1.240e+02
-1.060e+02
-8.300e+01
-7.400e+01
-9.400e+01
-1.110e+02
-1.020e+02
-1.050e+02
-1.060e+02
-1.590e+02
-1.050e+02
-1.130e+02
-9.500e+01
-7.700e+01
-8.500e+01
-1.140e+02
-1.030e+02
-8.400e+01
-8.300e+01
-8.200e+01
-3.670e+02
-1.070e+02
-8.400e+01
-1.270e+02
-9.500e+01
-9.000e+01
-8.100e+01
-1.150e+02
-1.620e+02
-1.000e+02
-9.500e+01
-1.080e+02
-9.600e+01
-1.540e+02
-1.310e+02
-9.800e+01
-8.100e+01
-1.580e+02
-1.080e+02
-9.200e+01
-1.160e+02
-9.300e+01
-6.600e+01
-1.140e+02
-8.400e+01
-8.000e+01
-7.600e+01
-1.250e+02
-1.050e+02
-1.390e+02
-1.230e+02
-8.300e+01
-9.000e+01
-1.450e+02
-1.050e+02
-1.110e+02
-8.700e+01
-1.000e+02
-9.600e+01
-1.070e+02
-8.700e+01
-1.770e+02
-9.500e+01
-8.800e+01
-1.050e+02
-9.000e+01
-9.400e+01
-7.400e+01
-1.030e+02
-1.530e+02
-1.240e+02
-8.000e+01
-9.700e+01
-1.150e+02
-9.200e+01
-6.500e+01
-9.500e+01
-9.000e+01
-6.900e+01
-8.100e+01
-8.400e+01
-7.500e+01
-9.000e+01
-8.500e+01
-1.140e+02
-1.080e+02
-8.300e+01
-7.500e+01
-9.100e+01
-1.060e+02
-1.470e+02
-1.020e+02
-7.100e+01
-9.400e+01
-8.600e+01
-9.600e+01
-9.200e+01
-1.110e+02
-1.460e+02
-1.340e+02
-1.270e+02
-1.150e+02
-7.800e+01
-9.500e+01
-6.100e+01
-6.100e+01
-1.010e+02
-1.200e+02
-1.270e+02
-1.140e+02
-1.060e+02
-1.210e+02
-8.700e+01
-1.020e+02
-8.400e+01
-8.200e+01
-1.750e+02
-1.160e+02
-1.090e+02
-8.400e+01
-9.300e+01
-9.100e+01
-9.700e+01
-7.800e+01
-1.180e+02
-8.300e+01
-1.000e+02
-9.200e+01
-3.230e+02
-1.100e+02
-1.300e+02
-8.500e+01
-8.400e+01
-1.250e+02
-1.140e+02
-9.600e+01
-9.800e+01
-1.070e+02
-8.500e+01
-9.000e+01
-8.200e+01
-1.310e+02
-6.300e+01
-1.020e+02
-9.100e+01
-9.600e+01
-9.000e+01
-1.130e+02
-9.100e+01
-1.240e+02
-1.150e+02
-8.200e+01
-8.300e+01
-9.500e+01
-9.700e+01
-1.140e+02
-1.400e+02
-3.330e+02
-1.030e+02
-1.200e+02
-9.900e+01
-8.600e+01
-8.900e+01
-6.800e+01
-1.190e+02
-1.110e+02
-1.230e+02
-9.700e+01
-9.100e+01
-6.100e+01
-1.140e+02
-9.800e+01
-9.500e+01
-1.100e+02
-7.500e+01
-9.800e+01
-9.000e+01
-9.300e+01
-8.100e+01
-7.700e+01
-2.090e+02
-9.700e+01
-1.130e+02
-9.000e+01
-1.320e+02
-1.030e+02
-1.110e+02
-8.000e+01
-8.800e+01
-1.130e+02
-1.200e+02
-7.800e+01
-8.300e+01
-7.900e+01
-8.000e+01
-8.400e+01
-9.900e+01
-1.120e+02
-1.070e+02
-7.300e+01
-1.040e+02
-9.200e+01
-8.400e+01
-7.600e+01
-9.200e+01
-9.500e+01
-7.400e+01
-1.100e+02
-9.500e+01
-1.080e+02
-8.700e+01
-9.100e+01
-8.800e+01
-9.800e+01
-1.290e+02
-8.300e+01
-1.040e+02
-7.500e+01
-6.800e+01
-8.400e+01
-1.090e+02
-1.120e+02
-1.160e+02
-1.020e+02
-1.140e+02
-9.100e+01
-1.010e+02
-9.400e+01
-9.900e+01
-1.670e+02
-7.900e+01
-8.900e+01
-9.400e+01
-7.500e+01
-9.800e+01
-9.300e+01
-1.140e+02
-7.000e+01
-9.000e+01
-9.500e+01
-1.120e+02
-1.200e+02
-1.140e+02
-9.600e+01
-9.500e+01
-8.400e+01
-8.200e+01
-9.700e+01
-9.400e+01
-8.700e+01
-9.400e+01
-9.100e+01
-1.070e+02
-8.300e+01
-7.800e+01
-9.400e+01
-8.200e+01
-9.700e+01
-9.100e+01
-8.800e+01
-8.300e+01
-1.510e+02
-8.600e+01
-8.200e+01
-1.190e+02
-8.500e+01
-1.000e+02
-8.700e+01
-9.300e+01
-1.030e+02
-6.300e+01
-7.000e+01
-7.400e+01
-1.020e+02
-1.250e+02
-1.080e+02
-9.300e+01
-8.700e+01
-9.000e+01
-7.600e+01
-8.700e+01
-1.190e+02
-9.100e+01
-8.500e+01
-8.200e+01
-7.600e+01
-9.400e+01
-9.000e+01
-7.500e+01
-9.700e+01
-1.040e+02
-9.100e+01
-1.050e+02
-1.040e+02
-1.100e+02
-9.600e+01
-1.390e+02
-6.800e+01
-1.290e+02
-7.300e+01
-1.130e+02
-8.200e+01
-9.300e+01
-1.120e+02
-8.700e+01
-6.200e+01
-1.060e+02
-1.010e+02
-1.430e+02
-8.600e+01
-9.200e+01
-1.010e+02
-1.020e+02
-8.500e+01
-1.070e+02
-8.700e+01
-9.900e+01
-1.140e+02
-1.090e+02
-1.040e+02
-9.800e+01
-8.200e+01
-1.070e+02
-7.900e+01
-9.800e+01
-9.300e+01
-7.600e+01
-9.900e+01
-1.070e+02
-6.200e+01
-9.600e+01
-6.400e+01
-1.030e+02
-8.800e+01
-9.100e+01
-7.200e+01
-8.300e+01
-1.090e+02
-8.000e+01
-8.000e+01
-1.090e+02
-1.000e+02
-8.300e+01
-7.300e+01
-9.500e+01
-9.900e+01
-8.400e+01
-8.900e+01
-1.190e+02
-1.120e+02
-7.200e+01
-6.661e+03
-2.230e+02
-1.400e+02
-1.260e+02
-1.290e+02
-1.000e+02
-1.040e+02
-1.040e+02
-9.700e+01
-1.140e+02
-8.500e+01
-1.160e+02
-8.200e+01
-7.700e+01
-9.700e+01
-9.500e+01
-8.200e+01
-9.400e+01
-1.010e+02
-9.900e+01
-9.100e+01
-9.100e+01
-2.060e+02
-1.070e+02
-8.100e+01
-9.700e+01
-1.000e+02
-8.900e+01
-8.200e+01
-1.320e+02
-1.030e+02
-8.500e+01
-1.730e+02
-9.400e+01
-8.100e+01
-6.900e+01
-1.220e+02
-1.020e+02
-9.300e+01
-8.800e+01
-1.140e+02
-1.030e+02
-2.130e+02
-7.800e+01
-1.240e+02
-9.900e+01
-1.090e+02
-1.030e+02
-1.030e+02
-1.030e+02
-1.100e+02
-8.600e+01
-8.800e+01
-9.400e+01
-9.100e+01
-9.400e+01
-8.100e+01
-9.400e+01
-7.400e+01
-9.200e+01
-1.120e+02
-1.130e+02
-7.100e+01
-1.220e+02
-1.050e+02
-7.600e+01
-7.100e+01
-8.100e+01
-8.500e+01
-9.300e+01
-9.500e+01
-7.600e+01
-8.700e+01
-9.900e+01
-9.200e+01
-7.700e+01
-8.500e+01
-9.100e+01
-1.610e+02
-7.300e+01
-1.310e+02
-9.200e+01
-1.410e+02
-9.200e+01
-1.040e+02
-8.900e+01
-9.900e+01
-7.400e+01
-1.080e+02
-7.900e+01
-9.300e+01
-9.100e+01
-1.060e+02
-7.700e+01
-8.800e+01
-1.720e+02
-9.600e+01
-1.120e+02
-7.800e+01
-7.700e+01
-8.300e+01
-7.000e+01
-7.800e+01
-8.100e+01
-7.000e+01
-9.400e+01
-9.800e+01
-1.430e+02
-1.870e+02
-8.200e+01
-1.020e+02
-6.300e+01
-9.400e+01
-1.620e+02
-8.300e+01
-8.700e+01
-1.000e+02
-8.200e+01
-8.500e+01
-1.080e+02
-1.010e+02
-9.400e+01
-7.500e+01
-8.500e+01
-7.900e+01
-1.190e+02
-8.800e+01
-1.040e+02
-1.050e+02
-9.300e+01
-8.400e+01
-9.100e+01
-7.100e+01
-1.160e+02
-1.240e+02
-9.400e+01
-1.020e+02
-7.700e+01
-9.300e+01
-8.700e+01
-1.120e+02
-9.200e+01
-1.160e+02
-1.010e+02
-8.600e+01
-8.800e+01
-7.300e+01
-7.600e+01
-9.200e+01
-9.100e+01
-1.060e+02
-1.150e+02
-8.200e+01
-1.140e+02
-1.060e+02
-1.060e+02
-9.800e+01
-1.000e+02
-9.800e+01
-7.600e+01
-9.900e+01
-8.100e+01
-9.000e+01
-7.600e+01
-8.000e+01
-8.200e+01
-1.040e+02
-7.700e+01
-9.400e+01
-7.000e+01
-7.400e+01
-9.800e+01
-8.200e+01
-8.400e+01
-9.400e+01
-7.900e+01
-6.800e+01
-8.700e+01
-7.400e+01
-1.390e+02
-8.900e+01
-8.900e+01
-8.200e+01
-8.000e+01
-8.000e+01
-6.700e+01
-1.120e+02
-8.000e+01
-8.500e+01
-1.070e+02
-9.100e+01
-9.800e+01
-8.300e+01
-1.580e+02
-1.030e+02
-1.020e+02
-8.300e+01
-7.400e+01
-9.200e+01
-7.900e+01
-8.700e+01
-9.200e+01
-9.800e+01
-1.030e+02
-8.200e+01
-6.900e+01
-1.030e+02
-8.800e+01
-1.070e+02
-1.030e+02
-1.080e+02
-8.100e+01
-9.000e+01
-9.000e+01
-1.160e+02
-8.300e+01
-7.400e+01
-1.200e+02
-1.000e+02
-7.600e+01
-7.100e+01
-8.300e+01
-7.400e+01
-8.600e+01
-7.100e+01
-7.400e+01
-7.900e+01
-8.500e+01
-8.700e+01
-7.100e+01
-1.360e+02
-8.700e+01
-9.900e+01
-7.400e+01
-8.300e+01
-8.500e+01
-8.500e+01
-7.000e+01
-9.300e+01
-1.040e+02
-1.020e+02
-9.500e+01
-1.210e+02
-7.000e+01
-7.900e+01
-1.030e+02
-1.260e+02
-9.000e+01
-9.200e+01
-1.190e+02
-9.900e+01
-7.200e+01
-7.500e+01
-7.400e+01
-8.300e+01
-7.100e+01
-7.700e+01
-1.000e+02
-1.010e+02
-8.100e+01
-9.100e+01
-6.200e+01
-9.600e+01
-7.000e+01
-1.030e+02
-6.400e+01
-1.120e+02
-7.100e+01
-1.070e+02
-7.700e+01
-7.100e+01
-7.300e+01
-7.000e+01
-9.400e+01
-9.500e+01
-8.800e+01
-6.900e+01
-1.000e+02
-9.700e+01
-9.200e+01
-6.900e+01
-1.010e+02
-7.200e+01
-7.400e+01
-7.200e+01
-1.010e+02
-7.400e+01
-7.700e+01
-7.400e+01
-1.000e+02
-1.070e+02
-1.120e+02
-9.300e+01
-8.600e+01
-9.800e+01
-8.200e+01
-8.400e+01
-8.500e+01
-7.200e+01
-8.900e+01
-7.300e+01
-7.100e+01
-7.500e+01
-8.800e+01
-9.700e+01
-6.900e+01
-7.700e+01
-8.800e+01
-7.100e+01
-9.900e+01
-9.200e+01
-7.500e+01
-1.070e+02
-7.100e+01
-8.800e+01
-8.400e+01
-7.800e+01
-6.900e+01
-8.600e+01
-1.400e+02
-7.600e+01
-8.600e+01
-9.400e+01
-1.030e+02
-8.200e+01
-1.450e+02
-1.020e+02
-8.000e+01
-7.200e+01
-1.070e+02
-7.500e+01
-7.800e+01
-1.090e+02
-6.900e+01
-9.400e+01
-1.260e+02
-8.000e+01
-8.500e+01
-8.600e+01
-7.700e+01
-1.020e+02
-1.040e+02
-8.100e+01
-7.800e+01
-8.200e+01
-6.200e+01
-7.800e+01
-7.800e+01
-1.550e+02
-7.000e+01
-8.000e+01
-6.300e+01
-7.700e+01
-7.100e+01
-9.500e+01
-1.420e+02
-2.880e+02
-7.400e+01
-9.200e+01
-7.100e+01
-7.600e+01
-1.010e+02
-8.600e+01
-7.800e+01
-9.100e+01
-6.400e+01
-9.200e+01
-1.020e+02
-8.700e+01
-8.600e+01
-8.600e+01
-8.100e+01
-1.090e+02
-7.100e+01
-7.600e+01
-8.200e+01
-8.700e+01
-8.400e+01
-7.900e+01
-8.100e+01
-6.400e+01
-1.960e+02
-6.300e+01
-9.500e+01
-7.400e+01
-7.500e+01
-7.300e+01
-9.000e+01
-1.110e+02
-1.090e+02
-7.000e+01
-7.800e+01
-8.600e+01
-7.500e+01
-8.100e+01
-8.400e+01
-8.200e+01
-7.300e+01
-9.100e+01
-8.200e+01
-8.700e+01
-8.200e+01
-1.070e+02
-7.800e+01
-1.070e+02
-9.400e+01
-8.400e+01
-8.000e+01
-9.300e+01
-1.060e+02
-8.900e+01
-8.900e+01
-8.600e+01
-7.000e+01
-7.100e+01
-7.200e+01
-8.300e+01
-8.100e+01
-1.120e+02
-9.500e+01
-1.110e+02
-8.600e+01
-7.000e+01
-7.500e+01
-9.600e+01
-9.200e+01
-1.170e+02
-7.100e+01
-1.130e+02
-8.800e+01
-7.100e+01
-1.050e+02
-7.300e+01
-8.200e+01
-9.300e+01
-8.100e+01
-6.200e+01
-1.090e+02
-7.000e+01
-7.100e+01
-7.700e+01
-9.400e+01
-1.020e+02
-8.300e+01
-7.600e+01
-6.200e+01
-7.100e+01
-1.320e+02
-6.900e+01
-7.600e+01
-7.500e+01
-8.300e+01
-7.000e+01
-1.030e+02
-1.060e+02
-1.080e+02
-8.100e+01
-6.500e+01
-1.040e+02
-9.300e+01
-8.700e+01
-6.300e+01
-8.000e+01
-7.200e+01
-7.700e+01
-8.900e+01
-7.900e+01
