-3.750e+02
-3.890e+02
-5.560e+02
-7.100e+02
-5.200e+02
-6.990e+02
-4.580e+02
-1.000e+03
-1.000e+03
-5.600e+02
-1.000e+03
-5.950e+02
-7.830e+02
-5.000e+02
-4.950e+02
-1.000e+03
-3.210e+02
-8.610e+02
-3.710e+02
-2.500e+02
-7.350e+02
-3.430e+02
-1.000e+03
-4.170e+02
-4.100e+02
-4.310e+02
-4.730e+02
-4.870e+02
-5.000e+02
-4.320e+02
-2.500e+02
-5.540e+02
-3.510e+02
-4.610e+02
-6.740e+02
-1.000e+03
-6.210e+02
-3.650e+02
-3.440e+02
-5.720e+02
-1.000e+03
-2.270e+02
-1.000e+03
-6.040e+02
-3.190e+02
-7.010e+02
-4.180e+02
-4.870e+02
-4.210e+02
-4.760e+02
-2.870e+02
-4.920e+02
-3.480e+02
-4.470e+02
-5.210e+02
-6.520e+02
-4.200e+02
-4.620e+02
-3.600e+02
-1.000e+03
-3.590e+02
-2.930e+02
-4.480e+02
-2.970e+02
-3.620e+02
-2.230e+02
-2.660e+02
-5.820e+02
-5.880e+02
-1.980e+02
-6.670e+02
-4.420e+02
-2.840e+02
-3.280e+02
-6.480e+02
-4.180e+02
-3.620e+02
-5.180e+02
-2.730e+02
-3.270e+02
-5.650e+02
-5.840e+02
-4.710e+02
-2.150e+02
-4.140e+02
-5.070e+02
-3.490e+02
-3.870e+02
-2.890e+02
-2.630e+02
-4.570e+02
-3.760e+02
-7.340e+02
-4.720e+02
-3.390e+02
-5.990e+02
-5.670e+02
-6.140e+02
-4.620e+02
-2.020e+02
-3.170e+02
-2.350e+02
-2.910e+02
-4.300e+02
-6.010e+02
-5.480e+02
-3.620e+02
-2.450e+02
-3.220e+02
-5.290e+02
-3.770e+02
-2.840e+02
-3.880e+02
-2.160e+02
-3.850e+02
-3.940e+02
-2.520e+02
-3.690e+02
-2.640e+02
-4.780e+02
-4.580e+02
-4.820e+02
-3.650e+02
-3.010e+02
-4.890e+02
-3.560e+02
-4.160e+02
-2.960e+02
-2.130e+02
-2.310e+02
-4.510e+02
-2.520e+02
-5.470e+02
-6.290e+02
-2.090e+02
-2.260e+02
-5.220e+02
-3.020e+02
-2.910e+02
-5.200e+02
-3.110e+02
-2.790e+02
-3.850e+02
-3.080e+02
-7.200e+02
-3.840e+02
-7.140e+02
-3.990e+02
-3.810e+02
-1.930e+02
-3.940e+02
-4.520e+02
-4.250e+02
-4.720e+02
-3.680e+02
-2.390e+02
-3.850e+02
-5.190e+02
-2.970e+02
-2.980e+02
-2.550e+02
-3.760e+02
-8.380e+02
-2.230e+02
-3.910e+02
-3.040e+02
-3.400e+02
-3.250e+02
-2.330e+02
-5.210e+02
-2.830e+02
-2.820e+02
-3.940e+02
-3.430e+02
-3.300e+02
-4.500e+02
-4.620e+02
-3.370e+02
-3.260e+02
-4.440e+02
-1.900e+02
-3.030e+02
-2.360e+02
-2.980e+02
-4.710e+02
-2.640e+02
-4.230e+02
-3.480e+02
-2.260e+02
-3.440e+02
-3.010e+02
-3.650e+02
-3.080e+02
-3.900e+02
-2.690e+02
-3.070e+02
-2.820e+02
-5.730e+02
-2.590e+02
-2.480e+02
-7.330e+02
-3.230e+02
-2.450e+02
-3.490e+02
-1.840e+02
-2.430e+02
-3.860e+02
-3.460e+02
-2.190e+02
-3.530e+02
-2.270e+02
-2.630e+02
-3.760e+02
-2.030e+02
-2.070e+02
-4.430e+02
-3.320e+02
-3.070e+02
-3.040e+02
-2.910e+02
-4.430e+02
-4.820e+02
-3.140e+02
-3.190e+02
-2.690e+02
-2.680e+02
-3.150e+02
-3.110e+02
-4.660e+02
-4.670e+02
-4.650e+02
-2.150e+02
-2.510e+02
-3.530e+02
-3.160e+02
-3.490e+02
-3.590e+02
-4.820e+02
-2.660e+02
-4.800e+02
-3.840e+02
-4.280e+02
-4.200e+02
-5.140e+02
-3.750e+02
-3.750e+02
-2.540e+02
-3.110e+02
-3.700e+02
-1.880e+02
-2.870e+02
-2.750e+02
-3.280e+02
-2.180e+02
-2.150e+02
-3.830e+02
-2.480e+02
-3.480e+02
-2.530e+02
-2.330e+02
-3.140e+02
-3.140e+02
-2.200e+02
-1.580e+02
-2.300e+02
-1.500e+02
-2.350e+02
-3.390e+02
-2.530e+02
-2.590e+02
-2.660e+02
-2.250e+02
-3.080e+02
-7.450e+02
-2.200e+02
-3.800e+02
-1.000e+03
-1.550e+02
-1.880e+02
-2.300e+02
-2.620e+02
-2.700e+02
-2.280e+02
-1.430e+02
-2.630e+02
-2.780e+02
-2.950e+02
-2.070e+02
-2.600e+02
-4.650e+02
-2.340e+02
-2.440e+02
-3.790e+02
-1.760e+02
-3.390e+02
-2.740e+02
-2.630e+02
-1.860e+02
-2.490e+02
-3.050e+02
-1.970e+02
-2.830e+02
-2.150e+02
-2.210e+02
-2.470e+02
-3.060e+02
-2.530e+02
-2.740e+02
-2.630e+02
-3.020e+02
-3.340e+02
-2.620e+02
-2.180e+02
-2.420e+02
-1.810e+02
-2.970e+02
-3.110e+02
-2.020e+02
-2.420e+02
-3.370e+02
-3.890e+02
-1.920e+02
-2.360e+02
-2.280e+02
-2.530e+02
-2.510e+02
-1.650e+02
-2.130e+02
-2.610e+02
-1.760e+02
-2.660e+02
-2.850e+02
-1.880e+02
-2.100e+02
-2.740e+02
-2.570e+02
-4.740e+02
-2.480e+02
-3.760e+02
-3.150e+02
-2.520e+02
-2.380e+02
-2.540e+02
-2.500e+02
-2.390e+02
-2.650e+02
-4.460e+02
-1.980e+02
-2.880e+02
-3.110e+02
-3.720e+02
-2.350e+02
-3.060e+02
-3.080e+02
-3.020e+02
-2.630e+02
-4.120e+02
-2.080e+02
-2.470e+02
-2.750e+02
-2.450e+02
-1.750e+02
-3.320e+02
-2.470e+02
-1.000e+03
-2.180e+02
-3.030e+02
-2.860e+02
-1.770e+02
-1.990e+02
-3.570e+02
-3.020e+02
-1.840e+02
-2.970e+02
-2.630e+02
-2.880e+02
-2.080e+02
-2.360e+02
-1.850e+02
-2.510e+02
-2.330e+02
-3.000e+02
-2.070e+02
-1.870e+02
-3.000e+02
-2.710e+02
-1.890e+02
-3.420e+02
-4.170e+02
-2.220e+02
-2.320e+02
-3.130e+02
-2.410e+02
-2.610e+02
-3.150e+02
-1.780e+02
-2.380e+02
-2.510e+02
-2.630e+02
-3.320e+02
-2.660e+02
-1.620e+02
-2.420e+02
-2.470e+02
-1.930e+02
-1.820e+02
-2.340e+02
-1.950e+02
-2.920e+02
-1.640e+02
-3.560e+02
-2.540e+02
-3.370e+02
-1.680e+02
-2.090e+02
-2.680e+02
-1.500e+02
-2.050e+02
-2.060e+02
-2.330e+02
-1.760e+02
-2.480e+02
-1.000e+03
-2.190e+02
-2.850e+02
-2.220e+02
-1.950e+02
-2.070e+02
-3.620e+02
-2.590e+02
-2.550e+02
-2.490e+02
-2.240e+02
-1.690e+02
-2.010e+02
-2.880e+02
-2.150e+02
-2.990e+02
-2.490e+02
-2.750e+02
-2.900e+02
-1.000e+03
-1.400e+02
-2.450e+02
-2.970e+02
-2.620e+02
-1.840e+02
-1.640e+02
-2.280e+02
-1.640e+02
-1.000e+03
-2.170e+02
-2.080e+02
-1.810e+02
-2.140e+02
-2.220e+02
-2.100e+02
-1.900e+02
-1.750e+02
-1.810e+02
-7.470e+02
-2.900e+02
-1.520e+02
-2.900e+02
-1.820e+02
-2.240e+02
-2.630e+02
-2.770e+02
-2.870e+02
-2.300e+02
-2.230e+02
-2.710e+02
-1.470e+02
-2.680e+02
-2.060e+02
-1.920e+02
-1.410e+02
-1.660e+02
-2.160e+02
-1.700e+02
-4.330e+02
-2.550e+02
-1.900e+02
-1.440e+02
-2.540e+02
-2.560e+02
-2.010e+02
-1.950e+02
-1.000e+03
-1.760e+02
-2.090e+02
-1.880e+02
-1.570e+02
-1.680e+02
-1.650e+02
-1.940e+02
-1.720e+02
-1.950e+02
-2.140e+02
-1.800e+02
-2.480e+02
-2.590e+02
-1.720e+02
-1.720e+02
-1.700e+02
-1.700e+02
-2.710e+02
-3.630e+02
-1.990e+02
-2.660e+02
-2.130e+02
-2.330e+02
-2.160e+02
-1.640e+02
-2.250e+02
-1.000e+03
-1.440e+02
-2.390e+02
-2.460e+02
-2.230e+02
-2.500e+02
-1.520e+02
-2.570e+02
-1.640e+02
-4.060e+02
-1.690e+02
-1.890e+02
-2.010e+02
-2.040e+02
-1.840e+02
-3.410e+02
-2.390e+02
-2.120e+02
-2.170e+02
-1.670e+02
-1.580e+02
-2.940e+02
-1.470e+02
-5.120e+02
-2.450e+02
-2.280e+02
-1.750e+02
-1.940e+02
-2.350e+02
-1.750e+02
-2.430e+02
-2.860e+02
-2.160e+02
-1.790e+02
-1.650e+02
-2.640e+02
-1.610e+02
-2.060e+02
-2.230e+02
-1.780e+02
-1.890e+02
-1.950e+02
-1.520e+02
-2.170e+02
-2.110e+02
-1.930e+02
-1.960e+02
-1.940e+02
-1.700e+02
-2.130e+02
-1.820e+02
-1.790e+02
-2.130e+02
-2.050e+02
-3.000e+02
-1.400e+02
-1.650e+02
-1.420e+02
-2.460e+02
-2.080e+02
-1.470e+02
-1.440e+02
-2.060e+02
-1.930e+02
-2.100e+02
-1.870e+02
-2.950e+02
-1.650e+02
-1.910e+02
-1.910e+02
-1.610e+02
-1.490e+02
-3.180e+02
-2.480e+02
-2.140e+02
-2.480e+02
-1.260e+02
-1.980e+02
-2.450e+02
-2.800e+02
-1.880e+02
-2.380e+02
-1.000e+03
-3.040e+02
-2.070e+02
-1.820e+02
-2.170e+02
-1.700e+02
-1.700e+02
-1.000e+02
-3.540e+02
-1.790e+02
-1.490e+02
-1.880e+02
-2.460e+02
-1.430e+02
-1.700e+02
-2.000e+02
-1.650e+02
-1.830e+02
-2.100e+02
-1.610e+02
-1.370e+02
-1.820e+02
-1.540e+02
-1.930e+02
-1.780e+02
-2.130e+02
-2.140e+02
-1.570e+02
-3.640e+02
-1.530e+02
-2.540e+02
-1.310e+02
-1.750e+02
-1.090e+02
-1.800e+02
-1.940e+02
-2.010e+02
-1.470e+02
-1.350e+02
-2.060e+02
-2.510e+02
-1.730e+02
-1.800e+02
-1.000e+03
-2.160e+02
-1.770e+02
-1.830e+02
-1.600e+02
-1.610e+02
-2.160e+02
-2.040e+02
-1.400e+02
-1.960e+02
-1.770e+02
-2.110e+02
-2.330e+02
-1.510e+02
-1.310e+02
-1.900e+02
-1.310e+02
-1.720e+02
-1.940e+02
-1.730e+02
-1.820e+02
-1.120e+02
-2.120e+02
-1.880e+02
-2.070e+02
-1.530e+02
-2.040e+02
-3.210e+02
-1.740e+02
-1.720e+02
-1.640e+02
-2.290e+02
-1.500e+02
-1.220e+02
-1.960e+02
-1.620e+02
-2.820e+02
-2.000e+02
-1.490e+02
-1.670e+02
-1.870e+02
-1.960e+02
-1.840e+02
-1.930e+02
-1.570e+02
-1.770e+02
-2.520e+02
-1.920e+02
-1.590e+02
-1.380e+02
-1.610e+02
-2.030e+02
-1.830e+02
-1.260e+02
-1.970e+02
-1.520e+02
-1.970e+02
-6.850e+02
-2.500e+02
-1.770e+02
-1.800e+02
-1.770e+02
-2.130e+02
-1.620e+02
-1.360e+02
-1.530e+02
-1.900e+02
-1.490e+02
-1.530e+02
-1.450e+02
-2.160e+02
-2.190e+02
-1.360e+02
-1.710e+02
-1.870e+02
-1.900e+02
-1.880e+02
-1.890e+02
-1.680e+02
-1.510e+02
-1.870e+02
-1.570e+02
-1.950e+02
-1.300e+02
-1.970e+02
-1.370e+02
-1.960e+02
-1.930e+02
-1.000e+03
-7.800e+02
-2.610e+02
-1.500e+02
-1.890e+02
-1.530e+02
-1.770e+02
-1.150e+02
-1.710e+02
-1.630e+02
-1.930e+02
-2.030e+02
-1.600e+02
-2.480e+02
-1.820e+02
-1.950e+02
-1.970e+02
-3.100e+02
-1.240e+02
-1.100e+02
-1.570e+02
-1.000e+03
-1.700e+02
-1.330e+02
-1.100e+02
-2.080e+02
-1.260e+02
-1.530e+02
-1.710e+02
-1.430e+02
-1.770e+02
-2.120e+02
-1.180e+02
-1.150e+02
-2.540e+02
-1.450e+02
-2.450e+02
-1.390e+02
-1.700e+02
-1.710e+02
-1.390e+02
-1.620e+02
-1.540e+02
-1.510e+02
-1.620e+02
-1.570e+02
-1.720e+02
-1.180e+02
-1.460e+02
-1.920e+02
-1.930e+02
-1.680e+02
-1.830e+02
-1.670e+02
-1.550e+02
-2.480e+02
-1.880e+02
-1.500e+02
-1.840e+02
-1.460e+02
-1.700e+02
-1.450e+02
-1.770e+02
-2.020e+02
-2.060e+02
-1.140e+02
-1.500e+02
-1.880e+02
-1.570e+02
-1.740e+02
-1.360e+02
-1.630e+02
-1.750e+02
-2.150e+02
-2.190e+02
-1.770e+02
-1.780e+02
-1.410e+02
-1.580e+02
-1.580e+02
-1.660e+02
-1.630e+02
-2.830e+02
-2.050e+02
-1.760e+02
-1.420e+02
-1.550e+02
-1.470e+02
-1.930e+02
-4.390e+02
-1.730e+02
-1.510e+02
-1.920e+02
-1.730e+02
-8.500e+02
-1.430e+02
-1.800e+02
-1.480e+02
-1.530e+02
-1.570e+02
-1.360e+02
-1.500e+02
-1.660e+02
-1.240e+02
-1.360e+02
-1.490e+02
-2.680e+02
-1.610e+02
-1.600e+02
-1.950e+02
-1.850e+02
-1.560e+02
-1.520e+02
-2.390e+02
-1.460e+02
-1.700e+02
-2.200e+02
-1.260e+02
-1.450e+02
-1.280e+02
-1.350e+02
-1.680e+02
-1.490e+02
-1.230e+02
-2.340e+02
-1.920e+02
-1.530e+02
-1.000e+03
-1.000e+03
-1.730e+02
-1.690e+02
-1.520e+02
-2.560e+02
-1.090e+02
-1.940e+02
-1.480e+02
-1.380e+02
-1.500e+02
-1.410e+02
-1.370e+02
-1.480e+02
-3.350e+02
-2.200e+02
-1.350e+02
-1.590e+02
-1.820e+02
-1.490e+02
-1.220e+02
-1.920e+02
-1.640e+02
-1.520e+02
-1.350e+02
-1.420e+02
-1.440e+02
-2.510e+02
-1.950e+02
-1.770e+02
-1.690e+02
-1.600e+02
-1.470e+02
-1.770e+02
-1.620e+02
-1.900e+02
-1.580e+02
-1.490e+02
-1.880e+02
-1.540e+02
-1.710e+02
-1.190e+02
-1.800e+02
-1.520e+02
-1.450e+02
-1.830e+02
-2.780e+02
-1.220e+02
-1.340e+02
-1.610e+02
-1.800e+02
-1.460e+02
-1.680e+02
-1.870e+02
-1.890e+02
-1.220e+02
-1.680e+02
-2.010e+02
-1.360e+02
-1.300e+02
-2.430e+02
-1.690e+02
-1.450e+02
-1.090e+02
-1.450e+02
-1.360e+02
-1.420e+02
-1.700e+02
-2.200e+02
-2.550e+02
-1.800e+02
-1.740e+02
-1.210e+02
-1.540e+02
-1.330e+02
-1.610e+02
-1.380e+02
-1.470e+02
-1.410e+02
-1.510e+02
-1.210e+02
-1.620e+02
-2.040e+02
-1.400e+02
-1.820e+02
-1.660e+02
-1.900e+02
-1.520e+02
-2.340e+02
-1.390e+02
-1.480e+02
-2.270e+02
-1.180e+02
-1.540e+02
-1.460e+02
-1.280e+02
-1.580e+02
-1.410e+02
-1.780e+02
-1.480e+02
-1.790e+02
-1.290e+02
-1.750e+02
-1.250e+02
-1.820e+02
-1.310e+02
-1.430e+02
-1.590e+02
-1.660e+02
-1.460e+02
-2.090e+02
-1.350e+02
-1.160e+02
-1.910e+02
-2.530e+02
-1.410e+02
-1.430e+02
-1.750e+02
-1.220e+02
-1.370e+02
-2.220e+02
-1.520e+02
-1.770e+02
-1.420e+02
-1.250e+02
-1.790e+02
-1.350e+02
-1.370e+02
-1.230e+02
-1.310e+02
-1.280e+02
-1.180e+02
-1.450e+02
-1.370e+02
-2.510e+02
-1.190e+02
-1.290e+02
-1.480e+02
-1.380e+02
-1.960e+02
-2.130e+02
-2.000e+02
-1.280e+02
-1.640e+02
-1.310e+02
