-1000
-1000
-1000
-1000
-1000
-1000
-580
-1000
-1000
-1000
-1000
-1000
-1000
-709
-1000
-1000
-1000
-785
-1000
-1000
-1000
-631
-671
-582
-919
-1000
-1000
-248
-878
-472
-418
-822
-850
-528
-627
-497
-608
-921
-305
-489
-946
-341
-391
-640
-626
-270
-1000
-182
-301
-614
-381
-974
-354
-678
-775
-400
-259
-370
-405
-341
-657
-417
-304
-316
-383
-438
-530
-358
-334
-401
-325
-334
-297
-410
-344
-311
-185
-518
-331
-255
-254
-399
-476
-389
-338
-263
-249
-383
-283
-297
-244
-417
-473
-398
-269
-316
-401
-442
-383
-350
-360
-281
-287
-240
-762
-185
-269
-401
-284
-264
-337
-296
-193
-401
-245
-409
-306
-359
-295
-162
-320
-173
-210
-284
-218
-205
-323
-224
-242
-258
-267
-303
-245
-280
-290
-275
-615
-351
-294
-268
-228
-265
-271
-203
-255
-264
-278
-316
-361
-228
-253
-248
-192
-191
-283
-179
-789
-201
-198
-153
-211
-265
-194
-210
-352
-212
-265
-254
-280
-262
-256
-359
-238
-319
-255
-223
-212
-171
-157
-171
-186
-217
-281
-227
-184
-167
-212
-354
-223
-155
-248
-205
-343
-201
-172
-226
-255
-291
-198
-265
-212
-265
-223
-149
-307
-237
-206
-138
-253
-145
-168
-159
-322
-140
-157
-172
-231
-143
-219
-206
-128
-240
-255
-133
-171
-161
-171
-190
-168
-220
-299
-165
-201
-156
-155
-161
-181
-232
-152
-207
-142
-201
-139
-178
-268
-165
-145
-200
-195
-140
-128
-225
-243
-175
-165
-134
-166
-147
-214
-153
-247
-120
-178
-158
-207
-194
-163
-135
-208
-139
-132
-213
-197
-174
-214
-269
-203
-138
-155
-180
-389
-212
-204
-150
-148
-230
-123
-152
-218
-147
-148
-108
-187
-181
-168
-181
-197
-177
-170
-143
-150
-153
-154
-121
-197
-212
-148
-199
-166
-226
-153
-191
-135
-222
-128
-193
-169
-104
-143
-131
-141
-139
-341
-190
-225
-193
-200
-157
-140
-118
-216
-135
-131
-261
-234
-106
-101
-149
-149
-123
-137
-158
-120
-138
-161
-151
-121
-140
-137
-149
-152
-129
-117
-182
-176
-135
-154
-125
-232
-134
-139
-143
-119
-207
-174
-174
-440
-152
-135
-115
-161
-141
-102
-135
-133
-107
-162
-128
-136
-142
-121
-193
-99
-135
-206
-142
-119
-182
-178
-117
-168
-182
-123
-121
-156
-191
-172
-123
-159
-192
-153
-145
-185
-125
-137
-199
-138
-187
-135
-437
-170
-195
-188
-134
-141
-117
-144
-102
-119
-133
-169
-135
-119
-202
-123
-214
-140
-183
-219
-152
-128
-118
-123
-125
-108
-127
-142
-173
-210
-161
-171
-120
-148
-150
-216
-168
-140
-136
-157
-153
-119
-118
-155
-141
-192
-148
-168
-128
-148
-142
-134
-115
-137
-108
-116
-154
-142
-134
-138
-120
-190
-158
-146
-162
-186
-111
-120
-93
-126
-157
-134
-138
-170
-127
-140
-101
-107
-124
-140
-167
-119
-102
-149
-115
-190
-123
-116
-105
-170
-109
-136
-128
-166
-139
-158
-127
-109
-143
-122
-145
-188
-194
-161
-115
-117
-143
-152
-92
-117
-148
-173
-124
-143
-145
-143
-139
-118
-118
-388
-123
-95
-183
-154
-131
-105
-135
-136
-121
-133
-125
-111
-127
-148
-127
-122
-176
-140
-149
-152
-152
-111
-122
-114
-139
-144
-121
-112
-144
-153
-137
-116
-103
-117
-132
-127
-117
-190
-108
-92
-215
-91
-148
-141
-121
-167
-127
-119
-142
-158
-113
-150
-129
-138
-171
-118
-101
-123
-108
-115
-134
-155
-126
-101
-164
-127
-156
-95
-123
-126
-148
-94
-121
-147
-116
-121
-98
-102
-133
-111
-118
-125
-156
-139
-106
-91
-138
-121
-130
-148
-136
-95
-110
-141
-134
-134
-166
-155
-111
-122
-102
-104
-112
-142
-118
-128
-100
-112
-145
-157
-156
-131
-112
-147
-144
-124
-125
-145
-100
-153
-147
-101
-112
-110
-124
-139
-130
-129
-124
-144
-173
-134
-128
-185
-105
-174
-114
-97
-133
-96
-112
-131
-143
-141
-233
-158
-124
-116
-134
-161
-122
-128
-134
-154
-119
-156
-143
-109
-125
-160
-118
-133
-98
-200
-165
-129
-116
-146
-112
-166
-106
-146
-148
-111
-121
-155
-151
-123
-130
-120
-160
-130
-89
-167
-147
-97
-101
-123
-113
-143
-126
-118
-114
-140
-124
-126
-107
-130
-123
-144
-109
-103
-131
-101
-104
-111
-131
-138
-152
-153
-1000
-115
-122
-123
-135
-166
-155
-192
-118
-100
-128
-90
-104
-155
-174
-115
-107
-135
-120
-124
-114
-110
-156
-124
-133
-267
-144
-126
-116
-104
-135
-190
-151
-107
-107
-124
-138
-93
-183
-100
-105
-132
-109
-150
-95
-140
-132
-174
-139
-158
-120
-97
-164
-115
-125
-165
-132
-122
-105
-172
-112
-111
-112
-128
-106
-115
-156
-108
-106
-107
-151
-102
-147
-132
-138
-114
-127
-127
-103
-95
-286
-108
-125
-136
-133
-125
-129
-109
-112
-146
-137
-106
-123
-93
-121
-106
-166
-110
-215
-161
-111
-130
-153
-117
-151
-124
-111
-96
-159
-872
-100
-122
-134
-152
-110
-114
-109
-628
-101
-134
-142
-154
-123
-120
-155
-131
-143
-118
-103
-158
-126
-141
-141
-140
-102
-125
-195
-96
-132
-158
-154
-155
-179
-133
-131
-116
-110
-113
-126
-203
-124
-128
-133
-115
-166
-117
-118
-141
-105
-133
-125
-107
-152
-128
-111
-100
-114
-124
-134
-156
-149
-100
-137
-178
-86
-166
-139
-98
-130
-180
-104
-101
-97
-145
-111
-105
-121
-140
-143
-102
-194
-148
-141
-124
-90
-149
-138
-139
-139
-259
-171
-137
-95
-155
-124
-90
-136
-104
-110
-157
-132
-143
-133
-121
-104
-250
-187
-94
-100
-110
-116
-108
-130
-117
-127
-113
-115
-110
-92
-131
-100
-222
-116
-111
-118
-109
-131
-87
-96
-122
-109
-131
-128
-134
-150
-135
-107
-127
-162
-146
-120
-128
-187
-85
-106
-126
-133
-119
-98
-125
-147
-92
-117
-218
-99
-92
-239
-120
-103
-128
-135
-94
-158
-119
-165
-96
-121
-130
-95
-109
-128
-177
-116
-135
-112
-128
-105
-122
-108
-112
-171
-156
-106
-125
-101
-115
-457
-100
-112
-126
-100
-164
-97
-121
-131
-139
-89
-111
-115
-150
-110
-97
-164
-107
-143
-153
-102
-137
-107
-116
-120
-93
-129
-144
-99
-110
-95
-136
-124
-88
-133
-192
-123
-124
-128
-88
-149
-110
-125
-103
-86
-159
-92
-97
-117
-110
-113
-112
-114
-99
-114
-160
-97
-130
-104
-109
-107
-124
-103
-170
-118
-95
-135
-111
-132
-119
-118
-171
-107
-113
-95
-193
-153
-97
-107
-111
-108
-129
-108
-105
-276
-99
-115
-139
-100
-129
-128
-95
-131
-122
-121
-121
-166
-109
-71
-160
-82
-143
-105
-83
-135
-130
-106
-88
-118
-147
-112
-117
-135
-127
-135
-116
-117
-97
-380
-104
-128
-120
-92
-131
-121
-144
-133
-144
-88
-142
-127
-91
-95
-115
-106
-106
-123
-86
-156
-127
-129
-94
-136
-164
-125
-131
-102
-142
-87
-109
-139
-108
-152
-93
-133
-84
-110
-117
-113
-118
-166
-109
-133
-108
-129
-136
-210
-125
-136
-103
-107
-105
-126
-115
-116
-110
-123
-155
-104
-99
-107
-136
-181
-155
-124
-112
-101
-113
-129
-97
-694
-133
-103
-122
-121
-129
-114
-194
-162
-127
-139
-115
-130
-123
-131
-144
-98
-119
-148
-115
-119
-100
-111
-87
-101
-104
-304
-90
-140
-161
-151
-96
-121
-131
-141
-120
-131
-203
-95
-95
-102
-114
-129
-176
-110
-106
-87
-147
-183
-121
-123
-92
-211
-114
-137
-90
-114
-115
-97
-106
-136
-97
-122
-102
-130
-92
-128
-157
-141
-141
-146
-107
-107
-116
-108
-138
-90
-96
-113
-95
-102
-101
-102
-140
-113
-73
-97
-133
-151
-123
-91
-103
-86
-118
-120
-110
-123
-83
-162
-92
-194
-93
-120
-100
-164
-150
-100
-105
-103
-241
-128
-151
-127
-133
-88
-114
-127
-122
-99
-97
-108
-90
-107
-90
-111
-200
-118
-119
-115
-103
-85
-122
-124
-105
-104
-129
-96
-124
-92
-134
-107
-113
-194
-107
-92
-111
-116
-101
-97
-113
-97
-76
-142
-84
-132
-142
-100
-120
-95
-95
-92
-147
-118
-104
-95
-139
-108
-138
-118
-90
-154
-95
-112
-137
-136
-97
-116
-143
-168
-101
-123
-101
-135
-113
-145
-137
-126
-148
-125
-101
-124
-120
-106
-115
-110
-130
-103
-96
-94
-91
-139
-118
-114
-113
-123
-100
-86
-105
-118
-111
-107
-180
-88
-134
-110
-99
-111
-117
-115
-122
-112
-91
-107
-118
-121
-104
-111
-98
-96
-103
-119
-132
-90
-131
-92
-113
-96
-101
-143
-99
-119
-93
-114
-96
-129
-265
-98
-142
-120
-117
-115
-144
-125
-101
-122
-103
-98
-105
-89
-117
-110
-142
-107
-161
-99
-75
-142
-87
-125
-94
-103
-123
-106
-99
-119
-130
-120
-135
-112
-101
-123
-111
-125
-109
-106
-118
-85
-106
-128
-133
-84
-124
-128
-120
-99
-122
-144
-104
-129
-90
-103
-147
-114
-98
-119
-106
-92
-127
-102
-122
-104
-89
-116
-114
-103
-85
-126
-115
-106
-142
-132
-127
-262
-106
-97
-131
-126
-140
-106
-117
-105
-84
-132
-115
-82
-107
-129
-126
-77
-140
-333
-105
-116
-106
-116
-83
-103
-162
-134
-122
-109
-90
-87
-103
-122
-109
-109
-94
-98
-104
-74
-100
-97
-90
-82
-96
-112
-95
-118
-168
-113
-118
-87
-89
-97
-128
-169
-112
-140
-131
-99
-85
-140
-110
-89
-102
-110
-130
-81
-99
-135
-160
-106
-89
-118
-93
-136
-94
-128
-109
-99
-92
-97
-90
-89
-185
-116
-108
-144
-92
-104
-143
-106
-85
-122
-106
-213
-123
-88
-106
-124
-115
-106
-120
-100
-123
-120
-103
-112
-90
-101
-158
-108
-99
-124
-96
-116
-99
-119
-114
-138
-107
-87
-106
-103
-150
-114
-108
-114
-127
-107
-123
-110
-104
-127
-95
-98
-110
-109
-103
-153
-96
-100
-105
-122
-96
-93
-87
-98
-107
-124
-102
-88
-123
-92
-96
-131
-100
-130
-115
-116
-134
-91
-89
-103
-147
-108
-86
-126
-126
-116
-125
-119
-115
-146
-100
-131
-138
-131
-93
-109
-103
-108
-129
-88
-129
-102
-84
-102
-102
-131
-135
-105
-113
-137
-165
-130
-107
-111
-207
-96
-94
-107
-129
-108
-98
-97
-114
-127
-107
-113
-109
-120
-168
-132
-136
-146
-137
-97
-111
-98
-101
-95
-131
-87
-123
-115
-105
-96
-110
-92
-100
-91
-100
-82
-120
-101
-97
-128
-101
-79
-151
-126
-192
-110
-109
-99
-84
-89
-124
-124
-83
-100
-107
-162
-113
-104
-102
-109
-100
-91
-139
-115
-104
-83
-126
-132
-97
-99
-87
-91
-124
-111
-122
-139
-168
-167
-77
-141
-451
-107
-125
-91
-93
-133
-121
-101
-83
-103
-95
-115
-122
-133
-106
-93
-114
-90
-128
-105
-101
-129
-112
-130
-84
-128
-117
-89
-116
-104
-115
-126
-100
-96
-121
-99
-91
-96
-134
-97
-202
-102
-99
-97
-105
-133
-117
-92
-139
-106
-95
-86
-113
-124
-125
-125
-109
-136
-95
-130
-100
-85
-125
-133
-138
-108
-139
-88
-124
-88
-89
-149
-108
-142
-95
-92
-102
-118
-114
-85
-119
-98
-87
-80
-142
-111
-96
-107
-131
-125
-99
-138
-107
-99
-105
-108
-101
-108
-108
-135
-86
-134
-227
-82
-92
-171
-132
-112
-108
-109
-119
-85
-117
-93
-110
-106
-117
-110
-88
-216
-130
-205
-118
-127
-89
-129
-100
-109
-124
-68
-113
-95
-110
-93
-114
-99
-93
-124
-115
-112
-201
-102
-89
-119
-93
-138
-86
-88
-93
-97
-98
-76
-144
-122
-104
-211
-98
-92
-290
-98
-111
-178
-90
-100
-115
-116
-107
-84
-114
-81
-83
-99
-100
-117
-119
-144
-76
-110
-89
-112
-136
-116
-109
-86
-100
-135
-314
-94
-107
-95
-111
-99
-223
-97
-120
-98
-127
-130
-92
-140
-131
-94
-96
-112
-102
-69
-111
-117
-120
-120
-91
-105
-97
-84
-104
-119
-80
-146
-101
-154
-114
-95
-116
-113
-83
-94
-100
-115
-95
-105
-96
-147
-104
-86
-123
-176
-118
-89
-110
-165
-129
-145
-262
-110
-110
-127
-92
-123
-134
-141
-151
-114
-124
-97
-84
-102
-124
-93
-99
-111
-100
-96
-116
-134
-136
-98
-139
-106
-107
-101
-101
-95
-81
-110
-93
-88
-113
-105
-90
-122
-114
-116
-129
-91
-98
-123
-114
-68
-115
-112
-132
-105
-127
-91
-116
-103
-119
-80
-92
-114
-129
-118
-98
-180
-109
-88
-94
-104
-94
-132
-119
-108
-87
-206
-115
-128
-92
-87
-96
-84
-82
-91
-83
-95
-85
-103
-107
-97
-82
-86
-122
-115
-86
-114
-120
-111
-184
-100
-119
-143
-95
-104
-227
-103
-186
-85
-118
-103
-87
-98
-90
-100
-100
-163
-122
-123
-138
-84
-119
-114
-97
-107
-128
-139
-93
-95
-110
-102
-86
-96
-94
-97
-91
-94
-134
-129
-116
-112
-90
-88
-89
-120
-90
-106
-88
-92
-108
-62
-106
-107
-117
-114
-102
-93
-82
-113
-81
-128
-128
-127
-78
-99
-104
-81
-88
-115
-86
-92
-80
-117
-233
-116
-95
-124
-96
-166
-150
-142
-89
-129
-98
-128
-116
-132
-125
-96
-97
-93
-132
-144
-150
-105
-97
-106
-145
-127
-83
-90
-97
-166
-127
-115
-90
-95
-93
-137
-120
-133
-112
-124
-111
-219
-118
-131
-106
-160
-99
-86
-129
-89
-129
-152
-87
-133
-83
-126
-118
-106
-100
-167
-95
-99
-97
-114
-79
-115
-106
-104
-255
-124
-105
-110
-112
-96
-86
-126
-98
-148
-96
-102
-69
-107
-90
-83
-102
-111
-123
-109
-109
-103
-90
-109
-94
-106
-90
-86
-151
-101
-192
-283
-97
-107
-129
-111
-114
-82
-113
-111
-98
-121
-120
-120
-90
-119
-96
-120
-105
-115
-93
-102
-108
-107
-120
-90
-99
-95
-151
-146
-113
-71
-85
-97
-174
-110
-136
-117
-110
-79
-104
-112
-132
-235
-95
-91
-112
-115
-568
-90
-108
-108
-102
-93
-123
-119
-135
-108
-83
-112
-84
-96
-77
-91
-140
-155
-95
-142
-142
-90
-105
-97
-80
-165
-131
-113
-109
-103
-118
-134
-96
-96
-111
-121
-102
-176
-114
-92
-116
-104
-105
-111
-167
-98
-97
-98
-101
-89
-109
-91
-97
-82
-132
-136
-120
-123
-71
-98
-92
-115
-163
-94
-100
-133
-146
-101
-261
-123
-107
-94
-89
-99
-108
-121
-88
-90
-87
-110
-94
-141
-109
-95
-98
-129
-93
-104
-133
-83
-118
-88
-128
-105
-109
-111
-115
-145
-161
-92
-81
-174
-110
-144
-94
-96
-109
-113
-90
-121
-131
-80
-143
-123
-105
-153
-82
-104
-115
-124
-98
-131
-112
-90
-131
-120
-102
-94
-85
-77
-120
-90
-119
-102
-99
-92
-113
-118
-126
-98
-104
-339
-124
-124
-114
-82
-117
-96
-119
-91
-103
-101
-110
-137
-121
-226
-100
-123
-100
-77
-112
-127
-122
-132
-96
-111
-162
-117
-85
-101
-101
-115
-88
-131
-101
-101
-94
-122
-130
-133
-136
-139
-63
-126
-119
-132
-115
-101
-87
-82
-107
-88
-95
-100
-114
-104
-111
-162
-120
-107
-91
-109
-147
-110
-94
-108
-146
-142
-94
-156
-201
-175
-79
-139
-374
-211
-127
-93
-108
-110
-100
-79
-125
-81
-123
-135
-200
-115
-109
-92
-117
-104
-134
-146
-95
-88
-130
-116
-105
-100
-114
-97
-115
-121
-115
-92
-119
-120
-111
-88
-84
-125
-81
-113
-97
-92
-120
-110
-158
-76
-91
-100
-117
-106
-90
-110
-133
-83
-98
-112
-77
-128
-90
-112
-113
-93
-117
-128
-100
-124
-103
-162
-139
-89
-110
-127
-102
-96
-114
-96
-101
-99
-197
-150
-127
-111
-94
-109
-97
-87
-116
-89
-110
-113
-114
-142
-93
-88
-120
-102
-100
-151
-109
-88
-126
-100
-171
-97
-122
-95
-94
-123
-114
-103
-125
-124
-107
-123
-83
-108
-101
-145
-109
-137
-139
-100
-145
-121
-126
-168
-139
-74
-100
-127
-93
-104
-110
-215
-117
-119
-87
-108
-100
-493
-88
-82
-86
-113
-98
-104
-128
-90
-105
-110
-160
-98
-87
-106
-98
-97
-100
-114
-92
-109
-141
-152
-154
-104
-196
-110
-147
-107
-139
-101
-186
-100
-206
-103
-365
-117
-119
-106
-108
-128
-147
-91
-98
-101
-129
-71
-117
-111
-136
-99
-249
-87
-88
-104
-85
-86
-120
-125
-93
-112
-135
-118
-96
-64
-97
-123
-93
-77
-127
-75
-129
-98
-126
-92
-122
-90
-97
-100
-90
-92
-120
-104
-98
-107
-113
-114
-115
-129
-76
-131
-107
-112
-110
-103
-123
-114
-104
-119
-114
-109
-103
-99
-131
-219
-121
-204
-88
-109
-87
-135
-111
-136
-129
-107
-112
-122
-100
-98
-93
-127
-134
-117
-129
-103
-113
-174
-108
-100
-124
-77
-123
-123
-102
-118
-113
-103
-111
-127
-83
-98
-136
-129
-84
-108
-107
-133
-102
-114
-129
-89
-113
-96
-97
-84
-92
-133
-171
-90
-103
-91
-86
-140
-114
-90
-89
-122
-107
-128
-110
-170
-104
-145
-137
-112
-111
-93
-142
-158
-184
-92
-113
-113
-106
-108
-112
-105
-109
-122
-118
-129
-151
-132
-71
-113
-127
-102
-132
-118
-101
-93
-138
-164
-106
-88
-181
-122
-102
-96
-154
-103
-93
-92
-84
-131
-87
-99
-107
-95
-88
-97
-115
-128
-119
-122
-126
-107
-92
-93
-103
-97
-132
-116
-151
-145
-152
-113
-144
-139
-127
-107
-148
-108
-120
-108
-218
-181
-222
-138
-94
-99
-148
-83
-126
-123
-98
-107
-123
-114
-128
-153
-94
-113
-99
-138
-98
-69